id,name_kor,description_kor,elements,partnerSkill_name,partnerSkill_describe,partnerSkill_needItem,partnerSkill_needItemTechLevel,partnerSkill_level,stats_size,stats_rarity,stats_health,stats_food,stats_meleeAttack,stats_attack,stats_defense,stats_workSpeed,stats_support,stats_captureRateCorrect,stats_maleProbability,stats_combiRank,stats_goldCoin,stats_egg,stats_code,movement_slowWalkSpeed,movement_walkSpeed,movement_runSpeed,movement_rideSprintSpeed,movement_transportSpeed,level60_health,level60_attack,level60_defense,activeSkills,activeSkills_count,passiveSkills,passiveSkills_count,drops,drops_count,workSuitabilities,workSuitabilities_count,tribes,tribes_count,spawners,spawners_count
1,도로롱,언덕길을 걷다 저 혼자 데굴데굴 구른다. 결국 눈이 핑핑 돌아 몸을 못 가눌 때 간단히 처치할 수 있는 먹이 사슬의 최하층이다.,무속성,복슬복슬 방패,발동하면 방패로 변하여 플레이어에게 장착된다.,,0,1.0,XS,1,70,150,70,70,70,100,100.0,1.5,50.0,1470,1000.0,평범한 알,SheepBall,23.0,40,400,550.0,160.0,3100,441,391,"데굴데굴 솜사탕(무속성, 35파워, 1초) | 공기 대포(무속성, 25파워, 2초)",2,,0,"양털(1–3, 100%) | 도로롱의 양고기(1, 100%)",2,수작업(LV.1) | 운반(LV.1) | 목장(LV.1),3,커다란 털 뭉치 도로롱 | 도로롱,2,"도로롱(Lv. 1–3, 1_1_plain_begginer) | 도로롱(Lv. 1–4, 1_2_plain_grass)",2
2,까부냥,얼핏 보기엔 당당하지만 실은 대단한 겁쟁이다. 까부냥이(가) 핥아준다는 건 어떤 의미에선 최고의 굴욕이다.,무속성,고양이 손 빌리기,보유하고 있는 동안 까부냥이(가) 짐을 대신 짊어져 플레이어의 소지 중량 제한이 증가한다.,,0,1.0,XS,1,70,150,70,70,70,100,100.0,1.5,50.0,1460,1000.0,평범한 알,PinkCat,30.0,60,400,550.0,160.0,3100–3782,441–543,391–493,"냥냥 펀치(무속성, 40파워, 1초) | 공기 대포(무속성, 25파워, 2초) | 모래 돌풍(땅 속성, 40파워, 4초) | 파워 샷(무속성, 35파워, 4초) | 바람의 칼날(풀 속성, 30파워, 2초) | 씨앗 기관총(풀 속성, 50파워, 9초) | 팰 폭발(무속성, 150파워, 55초)",7,겁쟁이,1,"빨간 열매(1, 100%)",1,수작업(LV.1) | 채집(LV.1) | 채굴(LV.1) | 운반(LV.1),4,잘난 척 대마왕 까부냥 | 까부냥,2,"까부냥(Lv. 1–3, 1_1_plain_begginer) | 까부냥(Lv. 3–5, 1_3_plain_kitsunbi) | 까부냥(Lv. 2–5, PvP_21_1_1) | 까부냥(Lv. 2–5, PvP_21_2_1) | 잘난 척 대마왕 까부냥(Lv. 10–13, 구릉 동굴, 외딴 섬의 동굴)",5
3,꼬꼬닭,너무나 약하고 또 너무나 맛있다. 도로롱과 함께 최약체를 담당한다. 많이 잡았다 싶으면 또 어디선가 튀어나온다.,무속성,알 생산,가축 목장에 배치하면 가끔씩 알을(를) 낳기도 한다.,,0,1.0,XS,1,60,100,70,60,60,100,70.0,1.5,50.0,1500,1000.0,평범한 알,ChickenPal,50.0,50,375,550.0,212.0,2775 – 3360,392 – 480,342 – 430,"치킨 태클(무속성, 30파워, 1초)",1,,0,"알(1, 100%) | 꼬꼬닭의 닭고기(1, 100%)",2,채집(LV.1) | 목장(LV.1),2,퉁퉁한 몸집의 꼬꼬닭 | 꼬꼬닭,2,"꼬꼬닭(Lv. 1–3, 1_1_plain_begginer) | 꼬꼬닭(Lv. 3–5, 1_3_plain_kitsunbi)",2
4,큐룰리스,5~7세 정도의 지능이 있다. 파트너용이지만 무기 쓰는 법을 배운 개체가 주인을 살해한 기록도 일부 존재한다.,풀 속성,큐룰리스 리코일,발동하면 플레이어의 머리 위에 올라 공격에 맞춰 기관단총으로 추격한다.,기술11,11,1.0,XS,1,75,100,70,70,70,100,100.0,0.9,50.0,1430,1010.0,신록의 알,Carbunclo,20.0,40,400,550.0,250.0,3262 – 3993,441 – 543,391 – 493,"바람의 칼날(풀 속성, 30파워, 2초) | 공기 대포(무속성, 25파워, 2초) | 파워 샷(무속성, 35파워, 4초) | 씨앗 기관총(풀 속성, 50파워, 9초) | 파워 폭탄(무속성, 70파워, 15초) | 가시덩굴(풀 속성, 95파워, 25초) | 태양 폭발(풀 속성, 150파워, 55초)",7,,0,"열매 씨(1, 100%) | 하급 의약품(1, 20%)",2,파종(LV.1) | 수작업(LV.1) | 채집(LV.1) | 벌목(LV.1) | 제약(LV.1),5,초원의 제일가는 겁쟁이 큐룰리스 | 큐룰리스,2,"큐룰리스(Lv. 3–5, 1_2_plain_grass) | 큐룰리스(Lv. 3–6, 1_4_plain_fox) | 큐룰리스(Lv. 7–11, 1_6_plain_Kirin) | 큐룰리스(Lv. 2–5, PvP_21_1_1) | 초원의 제일가는 겁쟁이 큐룰리스(Lv. 10–13, 구릉 동굴, 외딴 섬의 동굴) | 큐룰리스(Lv. 6–9, 구릉 동굴, 외딴 섬의 동굴)",6
5,파이호,태어난 직후엔 불을 잘 못 다뤄서 걸핏하면 불을 뿜다가 숨이 탁 막힌다. 파이호의 재채기는 산림 화재의 원인이 된다.,화염 속성,포옹 파이어,발동하면 화염방사기로 변하여 플레이어에게 장착된다.,기술6,6,1.0,XS,1,65,150,70,75,70,100,100.0,1.1,50.0,1400,1040.0,열기 나는 알,Kitsunebi,40.0,80,400,550.0,240.0,2937 – 3571,465 – 575,391 – 493,"파이어 샷(화염 속성, 30파워, 2초) | 모래 돌풍(땅 속성, 40파워, 4초) | 스피릿 파이어(화염 속성, 45파워, 7초) | 불화살(화염 속성, 55파워, 10초) | 파이어 브레스(화염 속성, 70파워, 15초) | 유령의 불꽃(어둠 속성, 75파워, 16초) | 화염구(화염 속성, 150파워, 55초)",7,,0,"가죽(1, 100%) | 발화 기관(1–2, 100%)",2,불 피우기(LV.1),1,여로를 비추는 등불 파이호 | 파이호,2,"파이호(Lv. 3–6, 1_3_plain_kitsunbi) | 파이호(Lv. 2–5, PvP_21_2_1) | 여로를 비추는 등불 파이호(Lv. 10–13, 구릉 동굴, 외딴 섬의 동굴) | 파이호(Lv. 6–9, 구릉 동굴, 외딴 섬의 동굴) | 파이호(Lv. 9–11, 3_4_volcano_1)",5
5B,아이호,태어난 직후엔 냉기를 잘 못 다뤄서 걸핏하면 냉기를 뿜다가 숨이 탁 막힌다. 감기에 걸리면 콧물이 어는 바람에 숨이 가빠진다.,얼음 속성,포옹 프로스트,발동하면 플레이어에게 장착되어 냉기를 방출해 공격할 수 있다.,기술24,24,1.0,XS,1,65,150,70,80,70,100,100.0,1.1,50.0,1305,1410.0,얼어붙은 알,Kitsunebi_Ice,40.0,80,400,550.0,240.0,2937 – 3571,490 – 607,391 – 493,Lv1 얼음 미사일 (위력:30) | Lv15 얼음 칼날 (위력:55),2,,0,가죽 x1–2 (100%) | 빙결 기관 x1–3 (100%),2,냉각 LV.1,1,여로를 수놓는 얼음꽃 아이호 (Tribe Boss) | 아이호 (Tribe Normal),2,Lv52–55 yamijima_7_2_DarkArea,1
6,청부리,자신이 탄생한 물에선 어디든지 물결을 일으킨다. 급할 때는 몸으로 물살을 타고 이동한다. 기운이 넘쳐 종종 벽에 부딪혀 죽는다.,물 속성,서핑 태클,발동하면 청부리이(가) 적을 향해 보디 서핑을 하며 달려든다.,,0,1.0,XS,1,60,150,80,80,60,100,100.0,1.1,50.0,1330,1120.0,축축한 알,BluePlatypus,70.0,105,300,400.0,202.0,2775 – 3360,490 – 607,342 – 430,"아쿠아 샷(물 속성, 40파워, 4초) | 파워 샷(무속성, 35파워, 4초) | 워터 제트(물 속성, 30파워, 2초) | 얼음 미사일(얼음 속성, 30파워, 3초) | 버블 샷(물 속성, 65파워, 13초) | 물폭탄(물 속성, 100파워, 30초) | 하이드로 스트림(물 속성, 150파워, 55초)",7,,0,"가죽(1, 100%) | 팰의 체액(1, 100%)",2,관개(LV.1) | 수작업(LV.1) | 운반(LV.1),3,장난기 많은 파도 타는 승려 청부리 | 청부리,2,"청부리(Lv. 3–6, 1_4_plain_fox) | 청부리(Lv. 10–13, 1_9_plain_SweetsSheep) | 청부리(Lv. 2–5, PvP_21_1_1) | 장난기 많은 파도 타는 승려 청부리(Lv. 10–13, 구릉 동굴, 외딴 섬의 동굴) | 청부리(Lv. 6–9, 구릉 동굴, 외딴 섬의 동굴)",5
6B,적부리,배의 마찰력이 아주 강한 탓에 보디 서핑을 하면 불이 붙을 정도다. 너무 신나게 미끄러지다 간혹 불덩이가 되기도 한다.,물 속성|화염 속성,파이어 태클,발동하면 적부리이(가) 적을 향해 파이어 서핑을 하며 달려든다.,,0,1.0,XS,2,60,150,100,85,60,100,100.0,1.1,50.0,1290,1340.0,축축한 알,BluePlatypus_Fire,70.0,105,300,400.0,202.0,2775 – 3360,514 – 638,342 – 430,Lv1 파이어 샷 (위력:30) | Lv15 버블 샷 (위력:65),2,,0,가죽 x1 (100%) | 팰의 체액 x1 (100%) | 발화 기관 x1–2 (50%),3,불 피우기 LV.1 | 관개 LV.1 | 수작업 LV.1 | 운반 LV.1,4,폭주 중인 파도 타는 꼬맹이 적부리 (Tribe Boss) | 적부리 (Tribe Normal),2,Lv16–27 커다란 낚시터 Medium 8.72%,1
7,번개냥,건기엔 신경질적이어서 항상 까칠하다. 같은 무리끼리의 사소한 충돌도 우당탕탕 큰 싸움으로 번진다.,번개 속성,정전기,보유하고 있는 동안 번개 속성 팰의 공격력이 증가한다.,,0,1.0,XS,1,60,150,60,75,70,100,80.0,1.1,50.0,1410,1030.0,찌릿찌릿한 알,ElecCat,40.0,80,350,500.0,270.0,2775 – 3360,465 – 575,391 – 493,"스파크 샷(번개 속성, 30파워, 2초) | 모래 돌풍(땅 속성, 40파워, 4초) | 전기 파장(번개 속성, 40파워, 4초) | 번개 구체(번개 속성, 50파워, 9초) | 트라이 썬더(번개 속성, 90파워, 22초) | 라인 썬더(번개 속성, 75파워, 16초) | 전기 볼트(번개 속성, 150파워, 55초)",7,,0,"발전 기관(1–2, 100%)",1,발전(LV.1) | 수작업(LV.1) | 운반(LV.1),3,장난기 많은 얼룩 고양이 번개냥 | 번개냥,2,"번개냥(Lv. 3–6, 1_4_plain_fox) | 번개냥(Lv. 14–17, 1_8_plain_dessert)",2
8,몽지,예전엔 나뭇가지처럼 가늘고 긴 물건을 무기로 삼았다. 인간과 엮이며 그런 무기는 쓰지 않게 됐다. 대신 가늘고 길며 더 효율적인 '총기'를 찾았다.,풀 속성,신난 소총,발동하면 일정 시간 몽지이(가) 근처 적에게 돌격 소총을 난사한다.,기술12,12,1.0,XS,1,80,150,100,70,70,100,100.0,1.1,50.0,1250,1280.0,신록의 알,Monkey,48.0,48,300,400.0,174.0,3425 – 4205,441 – 543,391 – 493,"바람의 칼날(풀 속성, 30파워, 2초) | 모래 돌풍(땅 속성, 40파워, 4초) | 씨앗 기관총(풀 속성, 50파워, 9초) | 씨앗 지뢰(풀 속성, 65파워, 13초) | 바위 대포(땅 속성, 70파워, 15초) | 초록 폭풍(풀 속성, 80파워, 18초) | 태양 폭발(풀 속성, 150파워, 55초)",7,,0,"버섯(1, 100%)",1,파종(LV.1) | 수작업(LV.1) | 채집(LV.1) | 벌목(LV.1) | 운반(LV.1),5,금손을 가진 몽지 | 몽지,2,"몽지(Lv. 3–5, 1_2_plain_grass) | 몽지(Lv. 3–6, 1_5_plain_pachiguri) | 몽지(Lv. 2–5, PvP_21_2_1) | 금손을 가진 몽지(Lv. 10–13, 구릉 동굴, 외딴 섬의 동굴) | 몽지(Lv. 6–9, 구릉 동굴, 외딴 섬의 동굴)",5
9,불꽃밤비,야생 불꽃밤비은(는) 놀라울 정도로 건강을 잘 지킨다. 하루에 하나씩 가지를 태워 만든 숯을 먹는 것이 영원한 건강의 비결이라고 한다.,화염 속성,작은 불씨,보유하고 있는 동안 화염 속성 팰의 공격력이 증가한다.,,0,1.0,S,2,75,225,100,70,75,100,100.0,1.1,50.0,1155,2950.0,열기 나는 알,FlameBambi,70.0,100,400,550.0,-1.0,3262 – 3993,441 – 543,415 – 525,"파이어 샷(화염 속성, 30파워, 2초) | 파워 샷(무속성, 35파워, 4초) | 스피릿 파이어(화염 속성, 45파워, 7초) | 불화살(화염 속성, 55파워, 10초) | 화염 폭풍(화염 속성, 80파워, 18초) | 인페르노(화염 속성, 120파워, 40초) | 화염구(화염 속성, 150파워, 55초)",7,,0,"발화 기관(2–3, 100%) | 가죽(1, 100%)",2,불 피우기(LV.1),1,무리의 우두머리 불꽃밤비 | 불꽃밤비,2,"불꽃밤비(Lv. 2–5, PvP_21_1_1) | 무리의 우두머리 불꽃밤비(Lv. 10–13, 구릉 동굴, 외딴 섬의 동굴) | 불꽃밤비(Lv. 6–9, 구릉 동굴, 외딴 섬의 동굴) | 불꽃밤비(Lv. 9–11, 3_4_volcano_1)",4
10,펭키,날개가 완전히 퇴화해 날 수 없다. 대신 유전자에 새겨진 하늘을 향한 미련이 있어 어떻게든 다시 날아오르려고 한다.,물 속성|얼음 속성,펭키 발사기,발동하면 로켓 발사기을(를) 장착하여 펭키을(를) 탄환 삼아 발사한다. 착탄하여 폭발하면 펭키이(가) 빈사 상태가 된다.,기술17,17,1.0,XS,1,70,150,70,75,70,100,100.0,0.9,50.0,1350,1080.0,축축한 알,Penguin,30.0,60,500,650.0,265.0,3100 – 3782,465 – 575,391 – 493,"얼음 미사일(얼음 속성, 30파워, 3초) | 워터 제트(물 속성, 30파워, 2초) | 아쿠아 샷(물 속성, 40파워, 4초) | 얼음 칼날(얼음 속성, 55파워, 10초) | 빙산(얼음 속성, 70파워, 15초) | 눈보라 스파이크(얼음 속성, 130파워, 45초) | 하이드로 스트림(물 속성, 150파워, 55초)",7,,0,"빙결 기관(1–2, 100%) | 팰의 체액(1, 100%)",2,관개(LV.1) | 수작업(LV.1) | 냉각(LV.1) | 운반(LV.1),4,과식한 펭키 | 펭키,2,"펭키(Lv. 10–12, World Map 311,-13) | 펭키(Lv. 3–6, 1_3_plain_kitsunbi) | 펭키(Lv. 2–4, 1_3_water) | 펭키(Lv. 9–12, 1_12_plain_BossTower) | 펭키(Lv. 30–34, snow_5_2_SnowGrass) | 과식한 펭키(Lv. 10–13, 구릉 동굴, 외딴 섬의 동굴)",6
10B,뎅키,날개가 완전히 퇴화해 날 수 없다. 하늘을 향한 미련은 어느덧 질투로 변화하여 하늘을 나는 모든 것을 격추할 전기의 힘을 얻게 되었다!,물 속성|번개 속성,뎅키 발사기,발동하면 로켓 발사기을(를) 장착하여 뎅키을(를) 탄환 삼아 발사한다. 착탄하여 폭발하면 뎅키이(가) 빈사 상태가 된다.,기술39,39,1.0,XS,2,70,150,100,80,70,100,100.0,0.9,50.0,1310,1290.0,축축한 알,Penguin_Electric,30.0,60,500,650.0,265.0,3100 – 3782,490 – 607,391 – 493,Lv1 번개 창 (위력:30) | Lv15 버블 샷 (위력:65),2,,0,발전 기관 x1–2 (100%) | 팰의 체액 x1 (100%),2,관개 LV.1 | 발전 LV.2 | 수작업 LV.1 | 운반 LV.1,4,과음한 뎅키 (Tribe Boss) | 뎅키 (Tribe Normal),2,Lv16–27 커다란 낚시터 Medium 9.96%,1
11,펭킹,사실 펭키와 아무 연관도 없는 종. 멋대로 상전 대접을 받은 터라 일단 열심히 뻗대고 보고 있다.,물 속성|얼음 속성,용감한 바다의 전사,함께 싸우는 동안 화염 속성 팰을 쓰러뜨렸을 때 드롭 아이템 획득량이 증가한다.,,0,1.0,L,6,95,525,70,95,95,100,100.0,1.0,50.0,520,5410.0,축축한 대형 알,CaptainPenguin,50.0,110,450,600.0,280.0,3912-4838,563-702,513-652,"Lv.1 아쿠아 샷(물 속성, 40파워, 4초) | Lv.7 빙산(얼음 속성, 70파워, 15초) | Lv.15 캡틴 슬라이딩(얼음 속성, 70파워, 10초) | Lv.22 서리 낀 입김(얼음 속성, 90파워, 22초) | Lv.30 물폭탄(물 속성, 100파워, 30초) | Lv.40 눈보라 스파이크(얼음 속성, 130파워, 45초) | Lv.50 하이드로 스트림(물 속성, 150파워, 55초)",7,,0,"빙결 기관(1-3, 100%) | 펭킹 날개 장식(1, 50%)",2,관개(LV.2) | 수작업(LV.2) | 채굴(LV.2) | 냉각(LV.2) | 운반(LV.2),5,얼어붙은 바다의 개척자 펭킹(Tribe Boss) | 펭킹(Tribe Normal),2,"얼어붙은 바다의 개척자 펭킹(Lv.15-15, World Map 311,-13) | 펭킹(Lv.18-22, 제1 사냥 금지 구역) | 펭킹(Lv.11-18, 낚시터 Small 4.95%)",3
11B,펭키드,수중 사냥에 도움이 되도록 전기의 힘을 얻어 색이 변화했으며 그 결과 펭키의 충성을 잃고 말았다. 그러나 어째서인지는 몰라도 이번에는 뎅키의 충성을 얻게 되었다.,물 속성|번개 속성,불굴의 전격 수장,함께 싸우는 동안 물 속성 팰을 쓰러뜨렸을 때 드롭 아이템 획득량이 증가한다.,,0,1.0,L,7,100,525,100,100,100,100,100.0,1.0,50.0,490,6490.0,축축한 대형 알,CaptainPenguin_Black,50.0,110,450,600.0,280.0,4075-5050,587-733,537-683,"Lv.1 번개 창(번개 속성, 30파워, 2초) | Lv.7 플라즈마 토네이도(번개 속성, 65파워, 13초) | Lv.15 버블 샷(물 속성, 65파워, 13초) | Lv.22 트라이 스파크(번개 속성, 110파워, 35초) | Lv.30 썬더 슬라이딩(번개 속성, 145파워, 35초) | Lv.40 아쿠아 서지(물 속성, 160파워, 56초) | Lv.50 번개 폭풍(번개 속성, 160파워, 60초)",7,,0,"발전 기관(1-3, 100%) | 펭킹 날개 장식(1, 50%)",2,관개(LV.2) | 발전(LV.2) | 수작업(LV.2) | 채굴(LV.2) | 운반(LV.2),5,까마득한 어둠의 개척자 펭키드(Tribe Boss) | 펭키드(Tribe Normal),2,"펭키드(Lv.21-34, 커다란 낚시터 Big 8.57%)",1
12,찌릿도치,"충격을 받으면 모았던 전기를 방출한다. 그 전압은 1,000만 볼트가 넘는다. 던지면 어설픈 중화기보다 더 위험하다.",번개 속성,찌르르 폭탄,발동하면 찌릿도치을 손에 장착하며 적에게 던져 착탄할 시 번개 폭발을 일으킨다.,찌릿도치 장갑,8,1.0,XS,1,70,150,70,75,70,100,100.0,1.2,50.0,1370,1060.0,찌릿찌릿한 알,Hedgehog,30.0,60,400,550.0,215.0,3100-3782,465-575,391-493,"Lv.1 전기 파장(번개 속성, 40파워, 4초) | Lv.7 파워 샷(무속성, 35파워, 4초) | Lv.15 번개 구체(번개 속성, 50파워, 9초) | Lv.22 파워 폭탄(무속성, 70파워, 15초) | Lv.30 트라이 썬더(번개 속성, 90파워, 22초) | Lv.40 라인 썬더(번개 속성, 75파워, 16초) | Lv.50 전기 볼트(번개 속성, 150파워, 55초)",7,,0,"발전 기관(1, 100%)",1,발전(LV.1),1,부딪치면 위험! 찌릿도치(Tribe Boss) | 찌릿도치(Tribe Normal) | 코치도치(Variant),3,"찌릿도치(Lv.3-6, 1_5_plain_pachiguri) | 부딪치면 위험! 찌릿도치(Lv.10-13, 구릉 동굴, 외딴 섬의 동굴) | 찌릿도치(Lv.6-9, 구릉 동굴, 외딴 섬의 동굴)",3
12B,코치도치,충격을 받으면 모았던 냉기를 방출한다. 방사상에 퍼진 냉기는 대기를 꽁꽁 얼려 습격해온 상대의 몸을 꿰뚫는다.,얼음 속성,딱딱 폭탄,발동하면 코치도치을 손에 장착하며 적에게 던져 착탄할 시 얼음 폭발을 일으킨다.,코치도치 장갑,11,1.0,XS,2,70,150,70,75,80,100,100.0,1.0,50.0,1360,1070.0,얼어붙은 알,Hedgehog_Ice,30.0,60,400,550.0,215.0,3100-3782,465-575,440-557,"Lv.1 얼음 미사일(얼음 속성, 30파워, 3초) | Lv.7 파워 샷(무속성, 35파워, 4초) | Lv.15 빙산(얼음 속성, 70파워, 15초) | Lv.22 파워 폭탄(무속성, 70파워, 15초) | Lv.30 얼음 칼날(얼음 속성, 55파워, 10초) | Lv.40 서리 낀 입김(얼음 속성, 90파워, 22초) | Lv.50 눈보라 스파이크(얼음 속성, 130파워, 45초)",7,,0,"빙결 기관(1, 100%)",1,냉각(LV.1),1,밟으면 위험! 코치도치(Tribe Boss) | 코치도치(Tribe Normal) | 찌릿도치(Variant),3,"코치도치(Lv.1-10, Captured Cage: Grass) | 코치도치(Lv.10-20, Captured Cage: Grass2)",2
13,초롱이,수액 같은 몸을 가진 신기한 팰. 뒤집어쓸 게 없으면 서서히 말라가다가 결국 썩어서 없어진다.,"풀,땅",나무꾼의 지원,보유하고 있는 동안 플레이어가 벌목할 때 피해량이 증가한다.,,0,1.0,XS,1,70,100,100,70,70,100,100.0,1.3,50.0,1240,1310.0,신록의 알,PlantSlime,50.0,50,300,400.0,175.0,3100-3782,441-543,391-493,"Lv.1 모래 돌풍(땅 속성, 40파워, 4초) | Lv.7 바람의 칼날(풀 속성, 30파워, 2초) | Lv.15 바위 폭발(땅 속성, 55파워, 10초) | Lv.22 씨앗 기관총(풀 속성, 50파워, 9초) | Lv.30 씨앗 지뢰(풀 속성, 65파워, 13초) | Lv.40 모래 폭풍(땅 속성, 80파워, 18초) | Lv.50 태양 폭발(풀 속성, 150파워, 55초)",7,,0,"열매 씨(1, 100%) | 초롱이 잎사귀(1, 50%)",2,파종(LV.1),1,갑자기 변이한 초롱이 | 초롱이,2,"초롱이(Lv. 3-5, 1_3_plain_kitsunbi) | 초롱이(Lv. 12-14, 1_15_plain_mopking) | 초롱이(Lv. 2-5, PvP_21_1_1) | 갑자기 변이한 초롱이(Lv. 10-13, 구릉 동굴, 외딴 섬의 동굴) | 초롱이(Lv. 6-9, 구릉 동굴, 외딴 섬의 동굴)",5
13B,초롱이,수액 같은 몸을 가진 신기한 팰. 뒤집어쓸 게 없으면 서서히 말라가다가 결국 썩어서 없어진다.,"풀,땅",나무꾼의 지원,보유하고 있는 동안 플레이어가 벌목할 때 피해량이 증가한다.,,0,1.0,XS,10,70,100,100,70,70,100,100.0,1.3,50.0,1240,1310.0,신록의 거대한 알,PlantSlime_Flower,50.0,50,300,400.0,175.0,3100-3782,441-543,391-493,"Lv.1 모래 돌풍(땅 속성, 40파워, 4초) | Lv.7 바람의 칼날(풀 속성, 30파워, 2초) | Lv.15 바위 폭발(땅 속성, 55파워, 10초) | Lv.22 씨앗 기관총(풀 속성, 50파워, 9초) | Lv.30 씨앗 지뢰(풀 속성, 65파워, 13초) | Lv.40 모래 폭풍(땅 속성, 80파워, 18초) | Lv.50 태양 폭발(풀 속성, 150파워, 55초)",7,,0,"열매 씨(1, 100%) | 예쁜 꽃(3, 100%) | 초롱이 잎사귀(1, 50%)",3,파종(LV.1),1,갑자기 변이한 초롱이 | 초롱이,2,"초롱이(Lv. 3-5, 1_3_plain_kitsunbi) | 초롱이(Lv. 12-14, 1_15_plain_mopking) | 초롱이(Lv. 2-5, PvP_21_1_1)",3
14,미호,팰파고스섬의 아이돌. 미호를 괴롭히면 전 세계가 적으로 돌변한다.,무속성,여기를 파자,가축 목장에 배치하면 지면에서 아이템을 파내기도 한다.,,0,1.0,XS,2,70,100,70,70,70,100,140.0,1.3,50.0,1450,1000.0,평범한 알,CuteFox,30.0,60,350,450.0,190.0,3100-3782,441-543,391-493,"Lv.1 공기 대포(무속성, 25파워, 2초) | Lv.7 모래 돌풍(땅 속성, 40파워, 4초) | Lv.15 파워 샷(무속성, 35파워, 4초) | Lv.22 바람의 칼날(풀 속성, 30파워, 2초) | Lv.30 씨앗 기관총(풀 속성, 50파워, 9초) | Lv.40 파워 폭탄(무속성, 70파워, 15초) | Lv.50 팰 폭발(무속성, 150파워, 55초)",7,,0,"가죽(1, 100%) | 뼈(1, 100%)",2,채집(LV.1) | 목장(LV.1),2,초원의 아이돌 미호 | 미호,2,"미호(Lv. 3-6, 1_4_plain_fox) | 초원의 아이돌 미호(Lv. 10-13, 구릉 동굴, 외딴 섬의 동굴) | 미호(Lv. 6-9, 구릉 동굴, 외딴 섬의 동굴) | 미호(Lv. 1-10, Captured Cage: Grass) | 미호(Lv. 15-25, Captured Cage: Forest1)",5
15,아테노울,"근심에 잠기는 경우가 많아 머릿속이 복잡해 잠을 잘 자지 못한다. '나는 생각한다, 고로 존재한다'",어둠,어둠의 예지,보유하고 있는 동안 어둠 속성 팰의 공격력이 증가한다.,,0,1.0,XS,1,70,225,70,70,80,100,100.0,1.0,50.0,1390,1050.0,암흑의 알,WizardOwl,26.0,70,380,550.0,225.0,3100-3782,441-543,440-557,"Lv.1 공기 대포(무속성, 25파워, 2초) | Lv.7 암흑구(어둠 속성, 40파워, 4초) | Lv.15 그림자 폭발(어둠 속성, 55파워, 10초) | Lv.22 모래 폭풍(땅 속성, 80파워, 18초) | Lv.30 유령의 불꽃(어둠 속성, 75파워, 16초) | Lv.40 악몽의 구체(어둠 속성, 100파워, 30초) | Lv.50 어둠의 레이저(어둠 속성, 150파워, 55초)",7,,0,"섬유(5-10, 100%) | 고도의 기술서(1, 1%)",2,채집(LV.1),1,지혜의 전도사 아테노울 | 아테노울,2,"아테노울(Lv. 4-7, 1_1_plain_begginer) | 아테노울(Lv. 3-6, 1_2_plain_grass) | 아테노울(Lv. 3-6, 1_3_plain_kitsunbi) | 아테노울(Lv. 3-6, 1_4_plain_fox) | 아테노울(Lv. 3-7, 1_5_plain_pachiguri) | 아테노울(Lv. 3-7, 1_3_water) | 아테노울(Lv. 11-12, 1_3_water) | 아테노울(Lv. 8-12, 1_6_plain_Kirin) | 아테노울(Lv. 13-14, 1_7_plain_Pekodon) | 아테노울(Lv. 3-7, PvP_21_1_1) | 지혜의 전도사 아테노울(Lv. 10-13, 구릉 동굴, 외딴 섬의 동굴) | 아테노울(Lv. 6-9, 구릉 동굴, 외딴 섬의 동굴)",12
16,차코리,코로 추정되는 기관에서 대량의 물이 나오는데 그냥 콧물이라는 지적도 있다. 연구자들 사이에 열띤 토론이 한창이다.,물,치유의 샤워,발동하면 상처에 잘 듣는 신비한 물을 뿜어 플레이어의 HP를 회복한다.,,0,1.0,M,1,70,150,70,60,70,100,100.0,1.3,50.0,1490,1000.0,축축한 알,Ganesha,30.0,60,300,400.0,180.0,3100-3782,392-480,391-493,"Lv.1 아쿠아 샷(물 속성, 40파워, 4초) | Lv.7 워터 제트(물 속성, 30파워, 2초) | Lv.15 모래 돌풍(땅 속성, 40파워, 4초) | Lv.22 버블 샷(물 속성, 65파워, 13초) | Lv.30 산성비(물 속성, 80파워, 18초) | Lv.40 물폭탄(물 속성, 100파워, 30초) | Lv.50 하이드로 스트림(물 속성, 150파워, 55초)",7,,0,"팰의 체액(1, 100%)",1,관개(LV.1),1,편리한 물뿌리개 차코리 | 차코리,2,"차코리(Lv. 1-4, 1_2_plain_grass) | 차코리(Lv. 2-4, 1_3_water) | 차코리(Lv. 2-5, PvP_21_2_1) | 편리한 물뿌리개 차코리(Lv. 10-13, 구릉 동굴, 외딴 섬의 동굴) | 차코리(Lv. 6-9, 구릉 동굴, 외딴 섬의 동굴) | 차코리(Lv. 15-25, Captured Cage: Forest1)",6
17,뚱코알라,눈빛이 안 좋아 친구는 적지만 마음은 따뜻하다. 무리와 떨어진 미호에게 먹이를 나눠주는 모습이 목격되고 있다.,어둠,카페인 수혈,발동하면 뚱코알라가 자양강장제를 대량 섭취하여 일정 시간 뚱코알라의 이동 속도가 크게 증가한다.,,0,1.0,XS,1,70,150,70,70,70,100,100.0,1.0,50.0,1380,1050.0,암흑의 알,NegativeKoala,20.0,20,300,400.0,100.0,3100-3782,441-543,391-493,"Lv.1 독 사격(어둠 속성, 30파워, 2초) | Lv.7 모래 돌풍(땅 속성, 40파워, 4초) | Lv.15 암흑구(어둠 속성, 40파워, 4초) | Lv.22 얼음 미사일(얼음 속성, 30파워, 3초) | Lv.30 그림자 폭발(어둠 속성, 55파워, 10초) | Lv.40 악몽의 구체(어둠 속성, 100파워, 30초) | Lv.50 어둠의 레이저(어둠 속성, 150파워, 55초)",7,,0,"독샘(2-3, 100%)",1,수작업(LV.1) | 채굴(LV.1) | 운반(LV.1),3,3일 밤을 뜬 눈으로 지샌 뚱코알라 | 뚱코알라,2,"뚱코알라(Lv. 3-6, 1_2_plain_grass) | 뚱코알라(Lv. 3-6, 1_3_plain_kitsunbi) | 뚱코알라(Lv. 3-6, 1_4_plain_fox) | 뚱코알라(Lv. 3-7, 1_5_plain_pachiguri) | 뚱코알라(Lv. 3-7, 1_3_water) | 뚱코알라(Lv. 8-12, 1_6_plain_Kirin) | 뚱코알라(Lv. 13-14, 1_7_plain_Pekodon) | 뚱코알라(Lv. 3-7, PvP_21_1_1) | 뚱코알라(Lv. 4-6, PvP_21_2_1) | 3일 밤을 뜬 눈으로 지샌 뚱코알라(Lv. 10-13, 구릉 동굴, 외딴 섬의 동굴) | 뚱코알라(Lv. 6-9, 구릉 동굴, 외딴 섬의 동굴) | 뚱코알라(Lv. 40-45, sakurajima_6_4_Grave) | 뚱코알라(암흑의 알, Sakurajima_grade_01) | 뚱코알라(Lv. 30-35, Captured Cage: Sakurajima1) | 뚱코알라(Lv. 50-50, 습격 25-99)",15
18,밀피,도로롱보다 털의 품질이 좋고 도로롱보다 가축으로 삼기 좋은 성격이다. 하지만 역사적으로는 항상 애완용 팰로 사육되어 왔다. 역시 귀여운 게 최고다.,무속성,푹신푹신 양털,보유하고 있는 동안 무속성 팰의 공격력이 증가한다. 가축 목장에 배치하면 양털을 떨어뜨리기도 한다.,,0,1.0,XS,1,70,150,100,70,75,100,100.0,1.3,50.0,1455,1420.0,평범한 알,WoolFox,20.0,40,300,450.0,170.0,3100-3782,441-543,415-525,"Lv.1 공기 대포(무속성, 25파워, 2초) | Lv.7 모래 돌풍(땅 속성, 40파워, 4초) | Lv.15 스파크 샷(번개 속성, 30파워, 2초) | Lv.22 파워 샷(무속성, 35파워, 4초) | Lv.30 전기 파장(번개 속성, 40파워, 4초) | Lv.40 파워 폭탄(무속성, 70파워, 15초) | Lv.50 전기 볼트(번개 속성, 150파워, 55초)",7,,0,"양털(1-2, 100%)",1,채집(LV.1) | 목장(LV.1),2,너무나 사랑스러운 털 뭉치 밀피 | 밀피,2,"밀피(Lv. 2-4, 1_3_plain_kitsunbi) | 밀피(Lv. 2-4, 1_4_plain_fox) | 밀피(Lv. 12-14, 1_15_plain_mopking) | 밀피(Lv. 2-5, PvP_21_1_1) | 너무나 사랑스러운 털 뭉치 밀피(Lv. 10-13, 구릉 동굴, 외딴 섬의 동굴) | 밀피(Lv. 6-9, 구릉 동굴, 외딴 섬의 동굴)",6
19,몽마둥이,마음에 드는 상대를 깊은 잠에 빠뜨려 행복한 꿈을 꾸게 해준다. 죽을 때까지 잠에서 깰 일은 절대 없다.,어둠,꿈빛 체이서,보유하고 있는 동안 플레이어 가까이에 출현한다. 플레이어의 공격에 맞춰 마탄으로 추격한다.,몽마둥이의 목걸이,8,1.0,XS,1,70,225,100,75,60,100,100.0,1.0,50.0,1230,1330.0,암흑의 알,DreamDemon,70.0,140,300,550.0,220.0,3100-3782,465-575,342-430,"Lv.1 암흑구(어둠 속성, 40파워, 4초) | Lv.7 독 사격(어둠 속성, 30파워, 2초) | Lv.15 그림자 폭발(어둠 속성, 55파워, 10초) | Lv.22 서리 낀 입김(얼음 속성, 90파워, 22초) | Lv.30 유령의 불꽃(어둠 속성, 75파워, 16초) | Lv.40 악몽의 구체(어둠 속성, 100파워, 30초) | Lv.50 어둠의 레이저(어둠 속성, 150파워, 55초)",7,,0,"독샘(1, 100%) | 작은 팰 영혼(1, 1%)",2,수작업(LV.1) | 채집(LV.1) | 운반(LV.1),3,꿈 포식자 몽마둥이 | 몽마둥이,2,"몽마둥이(Lv. 4-7, 1_1_plain_begginer) | 몽마둥이(Lv. 3-6, 1_3_plain_kitsunbi) | 몽마둥이(Lv. 3-6, 1_4_plain_fox) | 몽마둥이(Lv. 3-7, 1_5_plain_pachiguri) | 몽마둥이(Lv. 4-6, PvP_21_2_1) | 몽마둥이(Lv. 5-10, 구릉 동굴, 외딴 섬의 동굴) | 꿈 포식자 몽마둥이(Lv. 10-13, 구릉 동굴, 외딴 섬의 동굴) | 몽마둥이(Lv. 12-15, 계곡의 동굴) | 몽마둥이(Lv. 5-10, 구릉 동굴) | 몽마둥이(암흑의 알, grass_grade_01)",10
20,돌진돼지,"굉장히 호전적으로 힘 차이를 계산한 뒤 상대에게 달려든다. 몸집이 작은 팰이지만, 무시무시한 돌진력은 큰 바위도 날릴 기세다.",땅,돌대가리,등에 타고 이동할 수 있다. 탑승 중 바위 파괴 효율이 향상된다.,돌진돼지의 안장,6,1.0,S,1,80,225,100,70,70,100,100.0,1.0,50.0,1130,1680.0,거친 느낌의 알,Boar,70.0,150,500,800.0,300.0,3425-4205,441-543,391-493,"Lv.1 멧돼지 돌진(무속성, 55파워, 2초) | Lv.7 모래 돌풍(땅 속성, 40파워, 4초) | Lv.15 파워 샷(무속성, 35파워, 4초) | Lv.22 바위 폭발(땅 속성, 55파워, 10초) | Lv.30 파워 폭탄(무속성, 70파워, 15초) | Lv.40 바위 창(땅 속성, 150파워, 55초) | Lv.50 팰 폭발(무속성, 150파워, 55초)",7,,0,"돌진돼지의 살코기(1-2, 100%) | 가죽(1, 100%) | 뼈(1, 100%)",3,채굴(LV.1),1,숲의 무법자 돌진돼지 | 돌진돼지,2,"돌진돼지(Lv. 3-6, 1_4_plain_fox) | 돌진돼지(Lv. 2-5, PvP_21_1_1) | 돌진돼지(Lv. 2-5, PvP_21_2_1) | 숲의 무법자 돌진돼지(Lv. 10-13, 구릉 동굴, 외딴 섬의 동굴) | 돌진돼지(Lv. 6-9, 구릉 동굴, 외딴 섬의 동굴) | 돌진돼지(Lv. 15-25, Captured Cage: Forest1)",6
21,루나티,밤길에 루나티의 털을 발견했다면 줍지 말고 그대로 두는 게 좋다. 그 털은 밝지 않는 밤으로 향하는 편도 티켓이다.,어둠,쿨한 새침데기,함께 싸우는 동안 플레이어의 공격이 어둠 속성으로 변화한다.,,0,1.0,XS,6,75,150,70,85,70,100,140.0,1.0,50.0,1180,1480.0,암흑의 대형 알,NightFox,30.0,60,300,500.0,164.0,3262-3993,514-638,391-493,"Lv.1 공기 대포(무속성, 25파워, 2초) | Lv.7 암흑구(어둠 속성, 40파워, 4초) | Lv.15 그림자 폭발(어둠 속성, 55파워, 10초) | Lv.22 파워 폭탄(무속성, 70파워, 15초) | Lv.30 유령의 불꽃(어둠 속성, 75파워, 16초) | Lv.40 악몽의 구체(어둠 속성, 100파워, 30초) | Lv.50 어둠의 레이저(어둠 속성, 150파워, 55초)",7,,0,"가죽(1, 100%) | 작은 팰 영혼(1, 40%)",2,채집(LV.1),1,밤의 귀공자 루나티 | 루나티,2,"루나티(Lv. 5-7, 1_1_plain_begginer) | 루나티(Lv. 5-7, 1_2_plain_grass) | 루나티(Lv. 5-6, 1_3_plain_kitsunbi) | 루나티(Lv. 5-6, 1_4_plain_fox) | 루나티(Lv. 11-12, 1_5_plain_pachiguri) | 루나티(Lv. 3-7, PvP_21_1_1) | 루나티(Lv. 3-7, PvP_21_2_1) | 루나티(Lv. 12-15, 계곡의 동굴) | 밤의 귀공자 루나티(Lv. 17-19, 계곡의 동굴) | 루나티(암흑의 대형 알, grass_grade_01) | 루나티(Lv. 1-10, Captured Cage: Grass) | 루나티(Lv. 10-20, Captured Cage: Grass2) | 루나티(Lv. 15-25, Captured Cage: Forest1)",13
22,두더비,커다란 발톱은 다이아몬드처럼 단단하지만 발톱 손질에 힘을 너무 쏟은 나머지 그대로 지쳐 하루를 마감하기도 한다.,땅,광석 탐지,발동하면 미세한 진동을 발신해 가까이 있는 광석의 위치를 탐지할 수 있다.,,0,1.0,XS,1,65,150,100,80,50,100,100.0,1.0,50.0,1220,1360.0,거친 느낌의 알,CuteMole,30.0,60,300,550.0,240.0,2937-3571,490-607,293-366,"Lv.1 모래 돌풍(땅 속성, 40파워, 4초) | Lv.7 파워 샷(무속성, 35파워, 4초) | Lv.15 바위 폭발(땅 속성, 55파워, 10초) | Lv.22 바위 대포(땅 속성, 70파워, 15초) | Lv.30 파워 폭탄(무속성, 70파워, 15초) | Lv.40 모래 폭풍(땅 속성, 80파워, 18초) | Lv.50 바위 창(땅 속성, 150파워, 55초)",7,,0,"가죽(1-2, 100%)",1,수작업(LV.1) | 채굴(LV.1) | 운반(LV.1),3,땅속의 탐구자 두더비 | 두더비,2,"두더비(Lv. 14-17, 1_8_plain_dessert) | 두더비(Lv. 24-30, 4_2_dessert_1) | 두더비(Lv. 5-10, 구릉 동굴, 외딴 섬의 동굴) | 땅속의 탐구자 두더비(Lv. 10-13, 구릉 동굴, 외딴 섬의 동굴) | 두더비(Lv. 6-9, 구릉 동굴, 외딴 섬의 동굴) | 두더비(Lv. 12-15, 계곡의 동굴) | 두더비(Lv. 30-34, 화산 동굴) | 땅속의 탐구자 두더비(Lv. 37-40, 모래 언덕 동굴, 화산 동굴) | 두더비(Lv. 33-36, 모래 언덕 동굴, 화산 동굴) | 두더비(Lv. 5-10, 구릉 동굴) | 두더비(거친 느낌의 알, grass_grade_01) | 두더비(거친 느낌의 알, desert_grade_01) | 두더비(Lv. 1-10, Captured Cage: Grass) | 두더비(Lv. 20-30, Captured Cage: Desert1)",14
23,고스문,적에 머리에 달라붙어 내용물을 쪽쪽 빨아먹는다. 팰의 미라가 드물게 발견되는데 대개 고스문에게 희생된 팰이다.,"어둠, 물",오징어튀김,보유하고 있는 동안 글라이더의 성능이 변화한다. 활공 중 느린 속도로 장시간 이동이 가능해진다.,고스문의 장갑,9,1.0,XS,1,60,225,100,60,70,100,100.0,1.0,50.0,1290,1200.0,암흑의 알,NegativeOctopus,60.0,120,400,550.0,260.0,2775-3360,392-480,391-493,"Lv.1 워터 제트(물 속성, 30파워, 2초) | Lv.7 독 사격(어둠 속성, 30파워, 2초) | Lv.15 암흑구(어둠 속성, 40파워, 4초) | Lv.22 그림자 폭발(어둠 속성, 55파워, 10초) | Lv.30 산성비(물 속성, 80파워, 18초) | Lv.40 악몽의 구체(어둠 속성, 100파워, 30초) | Lv.50 어둠의 레이저(어둠 속성, 150파워, 55초)",7,,0,"독샘(2-4, 100%) | 고스문의 촉수(1, 50%)",2,관개(LV.1) | 채집(LV.1) | 운반(LV.2),3,어떤 감정도 없는 고스문 | 고스문,2,"고스문(Lv. 5-10, 구릉 동굴, 외딴 섬의 동굴) | 어떤 감정도 없는 고스문(Lv. 10-13, 구릉 동굴, 외딴 섬의 동굴) | 고스문(Lv. 6-9, 구릉 동굴, 외딴 섬의 동굴) | 고스문(Lv. 5-10, 구릉 동굴) | 고스문(Lv. 11-18, 낚시터 Small 9.89%)",5
24,냐옹테트,단단한 꼬리 조직은 잘라도 그대로이다. 그 꼬리가 재물을 불러온다는 미신이 성행해 대량의 냐옹테트가 목숨을 잃었다.,어둠,금화 수집,가축 목장에 배치하면 지면에서 금화를 파내기도 한다.,,0,1.0,XS,1,70,100,70,60,70,100,100.0,1.0,50.0,1480,1000.0,암흑의 알,Bastet,52.0,105,475,550.0,317.0,3100-3782,392-480,391-493,"Lv.1 모래 돌풍(땅 속성, 40파워, 4초) | Lv.7 암흑구(어둠 속성, 40파워, 4초) | Lv.15 그림자 폭발(어둠 속성, 55파워, 10초) | Lv.22 모래 폭풍(땅 속성, 80파워, 18초) | Lv.30 유령의 불꽃(어둠 속성, 75파워, 16초) | Lv.40 악몽의 구체(어둠 속성, 100파워, 30초) | Lv.50 어둠의 레이저(어둠 속성, 150파워, 55초)",7,,0,"금화(100-200, 50%)",1,목장(LV.1),1,고귀한 광채의 냐옹테트 | 냐옹테트 | 칠테트,3,"냐옹테트(Lv. 5-10, 구릉 동굴, 외딴 섬의 동굴) | 고귀한 광채의 냐옹테트(Lv. 10-13, 구릉 동굴, 외딴 섬의 동굴) | 냐옹테트(Lv. 6-9, 구릉 동굴, 외딴 섬의 동굴) | 냐옹테트(Lv. 12-15, 계곡의 동굴) | 냐옹테트(Lv. 5-10, 구릉 동굴) | 냐옹테트(암흑의 알, grass_grade_02) | 냐옹테트(Lv. 15-25, Captured Cage: Forest1)",7
25,루미카이트,바람을 타고 자유로이 여행한다. 도착한 곳에서 파트너를 발견하면 이들의 여행도 끝이 난다.,물,실바람 글라이더,보유하고 있는 동안 글라이더의 성능이 변화한다. 활공 중 빠른 속도로 장시간 이동이 가능해진다.,루미카이트의 장갑,7,1.0,M,3,80,225,100,70,80,100,100.0,1.1,50.0,870,2860.0,축축한 알,FlyingManta,30.0,150,550,700.0,350.0,3425-4205,441-543,440-557,"Lv.1 워터 제트(물 속성, 30파워, 2초) | Lv.7 아쿠아 샷(물 속성, 40파워, 4초) | Lv.15 파워 샷(무속성, 35파워, 4초) | Lv.22 버블 샷(물 속성, 65파워, 13초) | Lv.30 씨앗 기관총(풀 속성, 50파워, 9초) | Lv.40 물폭탄(물 속성, 100파워, 30초) | Lv.50 하이드로 스트림(물 속성, 150파워, 55초)",7,,0,"팰의 체액(1-2, 100%)",1,관개(LV.1) | 운반(LV.1),2,하늘을 헤엄치는 물고기 루미카이트 | 루미카이트,2,"루미카이트(Lv. 2-4, 1_3_water) | 루미카이트(Lv. 9-12, 1_11_plain_Kelpee) | 하늘을 헤엄치는 물고기 루미카이트(Lv. 10-13, 구릉 동굴, 외딴 섬의 동굴) | 루미카이트(Lv. 6-9, 구릉 동굴, 외딴 섬의 동굴) | 루미카이트(축축한 알, grass_grade_02) | 루미카이트(축축한 알, grass_grade_01) | 루미카이트(Lv. 11-18, 낚시터 Small 9.89%)",7
26,다크울프,인간과 접촉이 뜸해진 지 오래지만 다크울프 무리의 수렵 체계는 일찍이 인간과 함께했던 사냥이 그 뿌리다.,무속성,질주 본능,등에 타고 이동할 수 있다. 탑승 중의 이동 속도가 조금 빠른 것이 특징이다.,다크울프의 마구,9,1.0,S,2,80,225,110,90,75,100,100.0,1.0,50.0,1060,1920.0,평범한 알,Garm,90.0,180,800,1050.0,460.0,3425-4205,538-670,415-525,"Lv.1 와일드 팽(무속성, 45파워, 2초) | Lv.7 모래 돌풍(땅 속성, 40파워, 4초) | Lv.15 공기 대포(무속성, 25파워, 2초) | Lv.22 파워 샷(무속성, 35파워, 4초) | Lv.30 파이어 샷(화염 속성, 30파워, 2초) | Lv.40 파워 폭탄(무속성, 70파워, 15초) | Lv.50 팰 폭발(무속성, 150파워, 55초)",7,,0,"가죽(1-2, 100%) | 루비(1, 3%) | 금화(10-20, 3%)",3,채집(LV.1),1,초원의 사냥꾼 다크울프 | 다크울프 | 광폭화한 다크울프,3,"다크울프(Lv. 5-10, 1_5_plain_pachiguri) | 다크울프(Lv. 10-15, 1_9_plain_SweetsSheep) | 다크울프(Lv. 12-14, 1_15_plain_mopking) | 다크울프(Lv. 4-7, PvP_21_1_1) | 다크울프(Lv. 4-7, PvP_21_2_1) | 초원의 사냥꾼 다크울프(Lv. 10-13, 구릉 동굴, 외딴 섬의 동굴) | 다크울프(Lv. 6-9, 구릉 동굴, 외딴 섬의 동굴) | 다크울프(평범한 알, grass_grade_01) | 다크울프(Lv. 3-3, 습격 6-9)",9
27,알록새,폭발하는 알을 낳는 공포의 팰. 보통 엉덩이에서 발사하는 알을 무기로 삼지만 궁지에 몰리면 자기 몸까지 터뜨린다.,무속성,알 폭탄 발사기,발동하면 폭발하는 알을 낳는 발사기로 변하여 플레이어에게 장착된다.,기술18,18,1.0,S,1,60,150,80,75,70,100,70.0,1.0,50.0,1340,1090.0,평범한 알,ColorfulBird,30.0,60,300,550.0,170.0,2775 – 3360,465 – 575,391 – 493,"자폭(무속성, 230파워, 55초) | 공기 대포(무속성, 25파워, 2초) | 파워 샷(무속성, 35파워, 4초) | 메가톤 자폭(무속성, 500파워, 55초) | 모래 폭풍(땅 속성, 80파워, 18초) | 파워 폭탄(무속성, 70파워, 15초) | 팰 폭발(무속성, 150파워, 55초)",7,,0,"화약(1, 100%) | 알록새 날개(1, 50%)",2,채집(LV.1),1,폭발이야말로 내 운명 알록새 | 알록새,2,알록새(Lv. 11–14) | 알록새(Lv. 25–29) | 폭발이야말로 내 운명 알록새(Lv. 17–19),3
28,토푸리,식물이 많은 곳을 좋아하지만 최근 토푸리 무리에게 꽃가루 알레르기가 유행하는 듯하다.,풀 속성,도우미 토끼,보유하고 있는 동안 플레이어 가까이에 출현한다. 자동으로 가까이 있는 아이템을 주우러 간다.,기술17,17,1.0,XS,1,75,225,100,65,70,100,100.0,1.0,50.0,1280,1220.0,신록의 알,FlowerRabbit,100.0,100,400,550.0,250.0,3262 – 3993,416 – 511,391 – 493,"바람의 칼날(풀 속성, 30파워, 2초) | 공기 대포(무속성, 25파워, 2초) | 워터 제트(물 속성, 30파워, 2초) | 씨앗 기관총(풀 속성, 50파워, 9초) | 버블 샷(물 속성, 65파워, 13초) | 초록 폭풍(풀 속성, 80파워, 18초) | 태양 폭발(풀 속성, 150파워, 55초)",7,,0,"하급 의약품(1, 20%) | 밀 씨(1, 100%) | 감자 종자(1, 50%)",3,파종(LV.1) | 수작업(LV.1) | 채집(LV.1) | 제약(LV.1) | 운반(LV.1),5,꽃밭의 아이돌 토푸리 | 토푸리,2,토푸리(Lv. 15–16) | 꽃밭의 아이돌 토푸리(Lv. 27–29),2
29,밀카우,대충 풀어놓기만 해도 수도꼭지처럼 우유가 쏟아진다. 수컷도 우유가 나온다. 그야말로 생명의 신비다.,무속성,우유 생산,가축 목장에 배치하면 가끔씩 우유을(를) 생산하기도 한다.,,0,1.0,S,2,90,225,100,50,80,100,100.0,1.0,20.0,910,2620.0,평범한 알,CowPal,55.0,55,580,700.0,317.0,3750 – 4627,343 – 416,440 – 557,"파워 샷(무속성, 35파워, 4초) | 모래 돌풍(땅 속성, 40파워, 4초) | 공기 대포(무속성, 25파워, 2초) | 바위 폭발(땅 속성, 55파워, 10초) | 바위 대포(땅 속성, 70파워, 15초) | 파워 폭탄(무속성, 70파워, 15초) | 팰 폭발(무속성, 150파워, 55초)",7,,0,"밀카우의 살코기(2–3, 100%) | 우유(1, 100%)",2,목장(LV.1),1,A++등급 한우 밀카우 | 밀카우,2,밀카우(Lv. 10–13) | A++등급 한우 밀카우(Lv. 17–19),2
30,가시공주,가시엔 독이 있어 찔리면 위험하다. 귀요비 하고 사이 좋게 꿀을 빨 때만큼은 얼굴이 밝아진다.,풀 속성,공주님의 시선,보유하고 있는 동안 풀 속성 팰의 공격력이 증가한다.,,0,1.0,S,1,80,350,80,80,80,100,100.0,1.0,50.0,1320,1140.0,신록의 알,LittleBriarRose,50.0,100,400,550.0,250.0,3425 – 4205,490 – 607,440 – 557,"바람의 칼날(풀 속성, 30파워, 2초) | 씨앗 기관총(풀 속성, 50파워, 9초) | 얼음 미사일(얼음 속성, 30파워, 3초) | 초록 폭풍(풀 속성, 80파워, 18초) | 빙산(얼음 속성, 70파워, 15초) | 가시덩굴(풀 속성, 95파워, 25초) | 태양 폭발(풀 속성, 150파워, 55초)",7,,0,"밀 씨(1–2, 100%) | 양상추 씨(1, 50%) | 당근 씨(1, 50%)",3,파종(LV.1) | 수작업(LV.1) | 채집(LV.1) | 제약(LV.2) | 운반(LV.1),5,가시나무의 꽃 가시공주 | 가시공주,2,가시공주(Lv. 16–17) | 가시나무의 꽃 가시공주(Lv. 27–29),2
31,샤키드,먼 옛날엔 거대하고 강력한 수생 팰이었지만 육상에 적응하면서 소형화됐다. 공격받으면 화를 낸다.,물 속성,삐돌이 상어,아쿠아 샷으로 공격한다. 탑승하면 플레이어의 공격력이 증가한다.,,0,1.0,M,1,70,200,80,80,70,100,70.0,1.0,50.0,1300,1180.0,푸른 알,Shark,50.0,100,450,600.0,300.0,3100 – 3782,490 – 607,391 – 493,"아쿠아 제트(물 속성, 40파워, 4초) | 워터 제트(물 속성, 30파워, 2초) | 공기 대포(무속성, 25파워, 2초) | 버블 샷(물 속성, 65파워, 13초) | 하이드로 레이저(물 속성, 105파워, 22초) | 파워 폭탄(무속성, 70파워, 15초) | 팰 폭발(무속성, 150파워, 55초)",7,,0,"샤키드 지느러미(1, 100%)",1,급수(LV.2) | 수작업(LV.1) | 운반(LV.1),3,샤키드,1,샤키드(Lv. 16–19),1
32,건다리,거대한 팔은 강철도 찢어버릴 정도다. 높은 곳에서 떨어져도 팔 힘만으로 안전하게 착지한다.,땅 속성,하늘 그네,탑승하면 글라이더의 성능이 변한다. 상승 기류를 탈 수 있게 된다.,,0,1.0,L,2,110,300,100,90,80,100,70.0,1.0,50.0,1400,2100.0,암석의 알,GorillaBeast,50.0,100,350,500.0,200.0,4537 – 5572,563 – 694,440 – 557,"스톤 샷(땅 속성, 35파워, 4초) | 모래 돌풍(땅 속성, 40파워, 4초) | 공기 대포(무속성, 25파워, 2초) | 바위 폭발(땅 속성, 55파워, 10초) | 바위 대포(땅 속성, 70파워, 15초) | 샌드 토네이도(땅 속성, 80파워, 18초) | 지진(땅 속성, 150파워, 55초)",7,,0,"건다리의 털가죽(1, 100%)",1,수작업(LV.1) | 벌목(LV.2) | 운반(LV.2),3,건다리,1,건다리(Lv. 20–23),1
33,초판다,"믿기 힘든 괴력의 소유자. 한 번에 3,000장의 종이를 찢을 수 있다고 한다.",풀 속성,척탄 판다,탑승 가능. 탑승하면 수류탄 발사기로 공격할 수 있다.,,0,1.0,L,3,130,400,130,100,100,100,70.0,1.0,50.0,1500,3200.0,신록의 알,GrassPanda,50.0,100,400,550.0,250.0,5425 – 6662,612 – 758,538 – 683,"바람의 칼날(풀 속성, 30파워, 2초) | 씨앗 기관총(풀 속성, 50파워, 9초) | 공기 대포(무속성, 25파워, 2초) | 초록 폭풍(풀 속성, 80파워, 18초) | 가시덩굴(풀 속성, 95파워, 25초) | 파워 폭탄(무속성, 70파워, 15초) | 태양 폭발(풀 속성, 150파워, 55초)",7,,0,"대나무(1, 100%)",1,수작업(LV.1) | 벌목(LV.2) | 운반(LV.2),3,초판다,1,초판다(Lv. 24–27),1
34,캔디쉽,"전신이 설탕보다 18,000배나 달다. 혀로 핥으면 당분 과다로 기절할지도 모른다.",무속성,캔디 팝,목장에 배치하면 솜사탕을 생산한다.,,0,1.0,S,1,70,200,80,70,70,100,100.0,1.0,50.0,1200,1500.0,평범한 알,SweetsSheep,40.0,80,350,500.0,200.0,3100 – 3782,441 – 543,391 – 493,"파워 샷(무속성, 35파워, 4초) | 공기 대포(무속성, 25파워, 2초) | 버블 샷(물 속성, 65파워, 13초) | 파워 폭탄(무속성, 70파워, 15초) | 팰 폭발(무속성, 150파워, 55초)",5,,0,"솜사탕(1, 100%)",1,목장(LV.1),1,캔디쉽,1,캔디쉽(Lv. 12–15),1
35,베리고트,열매가 달린 뿔이 특징. 열매가 떨어지면 우울해한다.,풀 속성,열매 채집,보유하고 있는 동안 가끔 베리를 떨어뜨린다.,,0,1.0,M,2,80,250,90,75,75,100,100.0,1.0,50.0,1350,1800.0,신록의 알,BerryGoat,40.0,80,350,500.0,200.0,3425 – 4205,465 – 575,416 – 525,"바람의 칼날(풀 속성, 30파워, 2초) | 공기 대포(무속성, 25파워, 2초) | 씨앗 기관총(풀 속성, 50파워, 9초) | 초록 폭풍(풀 속성, 80파워, 18초) | 태양 폭발(풀 속성, 150파워, 55초)",5,,0,"베리(1, 100%) | 베리고트의 털(1, 50%)",2,파종(LV.1) | 채집(LV.1) | 목장(LV.1),3,베리고트,1,베리고트(Lv. 14–17),1
36,멜파카,털이 매우 부드럽다. 한번 만져보면 푹신한 감촉에 빠져나올 수 없다.,무속성,털파카파카,목장에 배치하면 양털을 생산한다.,,0,1.0,L,2,100,300,110,80,90,100,100.0,1.0,30.0,1450,2400.0,평범한 알,Alpaca,40.0,80,300,450.0,180.0,4212 – 5162,490 – 607,489 – 620,"파워 샷(무속성, 35파워, 4초) | 공기 대포(무속성, 25파워, 2초) | 파워 폭탄(무속성, 70파워, 15초) | 팰 폭발(무속성, 150파워, 55초)",4,,0,"양털(1–3, 100%)",1,목장(LV.1),1,멜파카,1,멜파카(Lv. 18–21),1
37,신령사슴,깊은 숲의 수호자. 자연을 파괴하는 자에게는 용서가 없다.,무속성,숲의 수호자,탑승 가능. 탑승하면 플레이어의 공격력이 증가한다.,,0,1.0,L,3,120,350,120,95,95,100,70.0,1.0,50.0,1600,3000.0,평범한 알,Deer,50.0,100,500,650.0,300.0,4900 – 6018,588 – 728,489 – 620,"파워 샷(무속성, 35파워, 4초) | 공기 대포(무속성, 25파워, 2초) | 스피릿 플레임(무속성, 75파워, 16초) | 파워 폭탄(무속성, 70파워, 15초) | 팰 폭발(무속성, 150파워, 55초)",5,,0,"신령사슴의 뿔(1, 100%)",1,벌목(LV.1),1,신령사슴,1,신령사슴(Lv. 22–25),1
38,나이트윙,밤하늘을 우아하게 나는 팰. 달빛 아래에서만 볼 수 있다고 한다.,무속성,여행의 동반자,탑승 가능. 탑승하면 이동 속도가 크게 증가한다.,,0,1.0,L,3,110,300,100,90,80,100,70.0,1.0,50.0,1550,2800.0,평범한 알,Eagle,50.0,100,400,800.0,500.0,4537 – 5572,563 – 694,440 – 557,"에어 캐논(무속성, 25파워, 2초) | 파워 샷(무속성, 35파워, 4초) | 윈드 블래스트(무속성, 55파워, 10초) | 파워 폭탄(무속성, 70파워, 15초) | 팰 폭발(무속성, 150파워, 55초)",5,,0,"나이트윙의 깃털(1, 100%)",1,,0,나이트윙,1,나이트윙(Lv. 26–29),1
39,핑토,항상 방긋방긋 웃는 얼굴로 지낸다. 가끔 까부냥의 장난으로 촉수가 묶이기도 한다. 그리고 그때만큼은 귀신의 형상으로 변하게 된다고 한다.,무속성,야무진 손재주,보유하고 있는 동안 무속성 팰의 공격력이 증가한다. 핑토가 무기 제작대나 무기 공장 등에서 일할 때 작업 효율이 향상된다.,,0,1.0,XS,1,75,150,100,65,70,100,100.0,1.0,50.0,1310,1160.0,평범한 알,PinkRabbit,50.0,100,245,350.0,172.0,3262–3993,416–511,391–493,"공기 대포(무속성, 25파워, 2초) | 파워 샷(무속성, 35파워, 4초) | 얼음 미사일(얼음 속성, 30파워, 3초) | 눈보라 스파이크(얼음 속성, 130파워, 45초) | 파워 폭탄(무속성, 70파워, 15초) | 빙산(얼음 속성, 70파워, 15초) | 팰 폭발(무속성, 150파워, 55초)",7,,0,"가죽(1, 100%) | 예쁜 꽃(1, 5%) | 핑토의 리본(1, 50%)",3,수작업(LV.1) | 채집(LV.1) | 운반(LV.1),3,반짝이는 미소 핑토 | 핑토,2,"핑토(Lv. 13–14, 1_7_plain_Pekodon) | 핑토(Lv. 7–11, 1_13_plain_PinkRabbit)",2
40,헬고트,밤에 사냥감을 잡아 자기 영역에 돌아온다. 잡힌 팰이 그 후 어떤 일을 당할지는 불 보듯 뻔하다.,화염 속성|어둠 속성,화염 발톱의 사냥꾼,발동하면 목표로 삼은 적을 향해 높은 위력의 지옥불 할퀴기로 공격한다.,,0,1.0,M,4,95,300,150,100,85,100,100.0,1.0,50.0,590,4780.0,열기 나는 알,Baphomet,80.0,160,700,960.0,320.0,3912–4838,587–733,464–588,"파이어 샷(화염 속성, 30파워, 2초) | 스피릿 파이어(화염 속성, 45파워, 7초) | 불화살(화염 속성, 55파워, 10초) | 지옥불 할퀴기(화염 속성, 70파워, 10초) | 그림자 폭발(어둠 속성, 55파워, 10초) | 화염구(화염 속성, 150파워, 55초) | 인페르노(화염 속성, 120파워, 40초)",7,,0,"뿔(1, 100%) | 가죽(1, 100%)",2,불 피우기(LV.1) | 수작업(LV.2) | 채굴(LV.1) | 운반(LV.2),4,황야의 하이에나 헬고트 | 헬고트,2,"헬고트(Lv. 27–30, 3_2_volcano_1) | 헬고트(Lv. 28–32, 3_3_volcano_1)",2
41,귀요비,가루를 흡입하면 승천하는 듯한 쾌락을 안겨준다. 단속을 강화하자는 움직임도 있지만 팰 애호 단체의 반대로 진척이 없다.,풀 속성,수수께끼의 비늘 가루,발동하면 목표로 삼은 적을 향해 독 안개로 공격한다.,,0,1.0,M,4,70,225,100,80,80,100,100.0,1.0,50.0,490,5700.0,신록의 알,CuteButterfly,30.0,150,550,700.0,350.0,3100–3782,490–607,440–557,"공기 대포(무속성, 25파워, 2초) | 바람의 칼날(풀 속성, 30파워, 2초) | 독 안개(어둠 속성, 0파워, 30초) | 모래 폭풍(땅 속성, 80파워, 18초) | 씨앗 지뢰(풀 속성, 65파워, 13초) | 초록 폭풍(풀 속성, 80파워, 18초) | 태양 폭발(풀 속성, 150파워, 55초)",7,,0,"벌꿀(1, 100%) | 양상추 씨(1, 20%) | 밀 씨(1, 20%)",3,파종(LV.2) | 제약(LV.1),2,꿈꾸는 나비의 춤 귀요비 | 귀요비,2,"귀요비(Lv. 18–20, 2_1_forest_1) | 꿈꾸는 나비의 춤 귀요비(Lv. 27–29, 시냇물 동굴)",2
42,불페르노,먼 옛날엔 육식 팰에게 사냥당하기 일쑤였다. 그 부조리에 울부짖은 불페르노 무리의 분노는 활활 타오르며 대대로 이어졌다.,화염 속성,따끈따끈 육체,등에 타고 이동할 수 있다. 탑승 중에는 따뜻하여 추위를 느끼지 않게 된다.,기술16,16,1.0,M,4,85,350,100,95,95,100,100.0,1.0,50.0,790,3520.0,열기 나는 알,FlameBuffalo,87.0,87,700,1050.0,343.0,3587–4416,563–702,513–652,"파이어 샷(화염 속성, 30파워, 2초) | 불타는 뿔(화염 속성, 50파워, 9초) | 스피릿 파이어(화염 속성, 45파워, 7초) | 불화살(화염 속성, 55파워, 10초) | 파이어 브레스(화염 속성, 70파워, 15초) | 인페르노(화염 속성, 120파워, 40초) | 화염구(화염 속성, 150파워, 55초)",7,,0,"뿔(1, 100%) | 발화 기관(2–3, 100%)",2,불 피우기(LV.2) | 벌목(LV.1),2,활활 타오르는 뿔 달린 야수 불페르노 | 불페르노,2,"불페르노(Lv. 9–13, 1_6_plain_Kirin) | 불페르노(Lv. 36–39, snow_5_2_SnowGrass)",2
43,도도롱,한없이 늘어질 때는 모든 반응이 둔해진다. 28번의 자상을 입게 되더라도 다음 날이 되어서야 이를 깨닫고 목숨을 잃는다.,땅|물,토양 개선,보유하고 있는 동안 땅 속성 팰의 공격력이 증가한다. 가축 목장에 배치하면 고급 팰 기름을 떨어뜨리기도 한다.,,0,1.0,M,4,100,4,100,70,95,100,100.0,1.0,50.0,895,4690.0,거친 느낌의 알,LazyCatfish,100.0,150,450,600.0,300.0,4075-5050,441-543,513-652,"모래 돌풍(땅속성, 40파워, 4초) | 아쿠아 샷(물속성, 40파워, 4초) | 바위 폭발(땅속성, 55파워, 10초) | 버블 샷(물속성, 65파워, 13초) | 물폭탄(물속성, 100파워, 30초) | 바위 창(땅속성, 150파워, 55초) | 하이드로 스트림(물속성, 150파워, 55초)",7,,0,"도도롱의 살코기(2, 100%) | 고급 팰 기름(1, 100%)",2,관개(LV.1) | 채굴(LV.2) | 운반(LV.1) | 목장(LV.1),4,내일부터 정말 열심히 할 도도롱 | 도도롱,2,"도도롱(Lv. 17-19, 계곡의 동굴) | 도도롱(Lv. 26-30, 3_3_volcano_1)",2
49,고릴레이지,지면을 두드리는 리듬으로 동료와 의사소통한다. 리듬에 상응하는 의미는 무리마다 다른데 그 분류는 지금도 명확하지 않다.,무속성,풀 파워 고릴라 모드,발동하면 야성의 힘을 해방해 일정 시간 고릴레이지의 공격력이 증가한다.,,0,1.0,S,5,90,3,110,95,90,100,100.0,1.0,50.0,1040,2010.0,평범한 대형 알,Gorilla,66.0,100,550,720.0,250.0,3750-4627,563-702,488-620,"모래 돌풍(땅속성, 40파워, 4초) | 파워 샷(무속성, 35파워, 4초) | 고릴라운드 콤보(무속성, 85파워, 14초) | 바위 폭발(땅속성, 55파워, 10초) | 씨앗 기관총(풀속성, 50파워, 9초) | 파워 폭탄(무속성, 70파워, 15초) | 팰 폭발(무속성, 150파워, 55초)",7,난폭함,1,"가죽(1-2, 100%) | 뼈(1, 100%)",2,수작업(LV.1) | 벌목(LV.2) | 운반(LV.3),3,빼어난 싸움꾼 고릴레이지 | 고릴레이지 | 고릴가이아,3,"고릴레이지(Lv. 22-24, 2_1_forest_3) | 고릴레이지(Lv. 22-25, 시냇물 동굴)",2
50,비나이트,퀸비나을 충실히 따르는 하인. 여왕에게 해를 끼치는 자를 철저히 배제한다. 끝내 자폭을 해서라도 여왕을 지켜낸다.,풀속성,일벌,가축 목장에 배치하면 벌꿀을 떨어뜨리기도 한다. 보유하고 있는 동안 퀸비나의 스테이터스가 상승한다.,,0,1.0,M,4,80,3,100,90,90,100,100.0,1.0,10.0,1070,1880.0,신록의 알,SoldierBee,125.0,250,450,550.0,350.0,3425-4205,538-670,488-620,"공기 대포(무속성, 25파워, 2초) | 바람의 칼날(풀속성, 30파워, 2초) | 바늘 창(풀속성, 55파워, 7초) | 벌의 침묵(풀속성, 250파워, 55초) | 독 사격(어둠속성, 30파워, 2초) | 산성비(물속성, 80파워, 18초) | 초록 폭풍(풀속성, 80파워, 18초) | 태양 폭발(풀속성, 150파워, 55초)",8,,0,"벌꿀(1-2, 100%)",1,파종(LV.1) | 수작업(LV.1) | 채집(LV.1) | 벌목(LV.1) | 제약(LV.1) | 운반(LV.2) | 목장(LV.1),7,수비대장 비나이트 | 비나이트,2,"비나이트(Lv. 20-22, 2_1_forest_3) | 비나이트(Lv. 20-23, 시냇물 동굴)",2
51,퀸비나,비나이트을 총괄하는 선택받은 여왕. 위대한 여왕을 위해 일한다는 기쁨으로 죽을 때까지 일하는 하인이 끊이지 않는다.,풀속성,여왕벌의 통솔,함께 싸우는 동안 보유하고 있는 비나이트의 개체수가 많을수록 스테이터스가 상승한다.,,0,1.0,L,8,90,7,100,105,100,100,100.0,1.0,10.0,330,6830.0,신록의 거대한 알,QueenBee,150.0,250,450,550.0,350.0,3750-4627,611-765,537-683,"공기 대포(무속성, 25파워, 2초) | 바람의 칼날(풀속성, 30파워, 2초) | 독 사격(어둠속성, 30파워, 2초) | 스피닝 스태프(풀속성, 70파워, 9초) | 초록 폭풍(풀속성, 80파워, 18초) | 가시덩굴(풀속성, 95파워, 25초) | 태양 폭발(풀속성, 150파워, 55초)",7,,0,"벌꿀(5, 100%) | 퀸비나의 지팡이(1, 3%)",2,파종(LV.2) | 수작업(LV.2) | 채집(LV.2) | 벌목(LV.1) | 제약(LV.2),5,대군의 여왕 퀸비나 | 퀸비나,2,"퀸비나(Lv. 28-29, 2_1_forest_3)",1
44,마스크로우,원래 드넓은 창공을 자유로이 날아다녔으나 질풍수리와(과) 싸움에서 패배해 하늘을 빼앗기고 밤에 숨죽인 채 살게 됐다.,어둠,원격 부리 공격,발동하면 목표로 삼은 적을 향해 높은 위력의 팬텀의 공격(으)로 공격한다.,,0,1.0,M,3,75,5,80,95,80,100,100.0,1.0,50.0,1080,1840.0,암흑의 알,Cawgnito,170.0,170,920,1200.0,545.0,3100–3782,563–694,440–557,공기 대포(Lv.1)|암흑구(Lv.7)|팬텀의 공격(Lv.15)|그림자 폭발(Lv.22)|유령의 불꽃(Lv.30)|악몽의 구체(Lv.40)|어둠의 레이저(Lv.50),7,,0,"뼈(2–4, 100%)|독샘(2, 100%)|작은 팰 영혼(1, 1%)",3,벌목(LV.1),1,마스크로우,1,마스크로우(Lv. 30–34),1
45,도마맨,일어선 모습에 이상한 집착을 보인다. 항상 제일 멋진 자세를 연구하며 거울을 주면 하루 종일 자세만 궁리한다.,어둠,제6감,발동하면 6번째 감각을 활용해 가까이 있는 던전의 위치를 탐지할 수 있다.,,0,1.0,S,2,80,3,90,80,50,100,100.0,1.0,50.0,1120,1720.0,암흑의 알,Leezpunk,140.0,140,600,800.0,270.0,3425–4205,490–607,293–366,독 사격(Lv.1)|암흑구(Lv.7)|그림자 폭발(Lv.15)|유령의 불꽃(Lv.22)|악몽의 구체(Lv.30)|파이어 브레스(Lv.40)|어둠의 레이저(Lv.50),7,,0,"구리 열쇠(1, 100%)|은 열쇠(1, 1%)|도마맨의 볏(1, 50%)",3,수작업(LV.1)|운반(LV.1)|채집(LV.1),3,도마맨,1,도마맨(Lv. 30–34),1
46,달서니,머리의 뿔은 달빛을 받아야 자란다. 태양을 못 견디는 건 아니지만 햇빛을 쬐는 동안에는 뿔이 근질거린다.,어둠,어둠 속에 번쩍이는 발톱날,발동하면 목표로 삼은 적을 향해 높은 위력의 점프 할퀴기(으)로 공격한다.,,0,1.0,M,3,80,5,130,100,80,100,100.0,1.0,50.0,950,2400.0,암흑의 알,Loupmoon,175.0,175,600,800.0,375.0,3425–4205,612–758,440–557,암흑구(Lv.1)|점프 할퀴기(Lv.7)|그림자 폭발(Lv.15)|얼음 칼날(Lv.22)|유령의 불꽃(Lv.30)|악몽의 구체(Lv.40)|어둠의 레이저(Lv.50),7,,0,"뼈(1, 100%)",1,수작업(LV.2),1,달서니,1,달서니(Lv. 32–36),1
47,질풍수리,사람을 낚아챈 채로도 잘 날아다닌다. 하지만 지치면 주저 없이 놓아버리므로 추락사 사고가 끊이지 않는다.,무속성,질풍의 활공,"보유하고 있는 동안 글라이더의 성능이 변화한다. 활공 속도가 증가하며, 오른손으로 사격이 가능해진다.",질풍수리의 장갑,23,1.0,M,2,75,4,120,85,60,100,100.0,1.0,50.0,1030,2010.0,평범한 알,Galeclaw,200.0,200,600,700.0,400.0,3262–3993,563–702,342–430,활공 할퀴기(Lv.1)|공기 대포(Lv.7)|모래 돌풍(Lv.15)|바람의 칼날(Lv.22)|모래 폭풍(Lv.30)|초록 폭풍(Lv.40)|팰 폭발(Lv.50),7,,0,"질풍수리의 살코기(1, 100%)|가죽(1, 100%)",2,채집(LV.2),1,질풍수리,1,질풍수리(Lv. 32–36),1
48,로빈몽,"숲에서 수렵 생활을 하는, 사람과 비슷한 성질의 팰. 아주 먼 옛날 사람과 다른 계통으로 갈라졌다고 여겨지며 팰의 정체를 밝혀줄 열쇠일지도 모른다.",풀,매의 눈,함께 싸우는 동안 플레이어가 약점 부위에 주는 피해량이 증가한다.,,0,1.0,M,5,90,3,100,105,80,100,100.0,1.0,50.0,1020,2050.0,신록의 알,Robinquill,100.0,100,600,750.0,400.0,3750–4627,611–765,440–557,바람의 칼날(Lv.1)|파워 샷(Lv.7)|스나이핑 샷(Lv.15)|씨앗 지뢰(Lv.22)|초록 폭풍(Lv.30)|가시덩굴(Lv.40)|태양 폭발(Lv.50),7,,0,"밀 씨(1–2, 50%)|화살(2–4, 100%)|감자 종자(1, 50%)",3,벌목(LV.1)|수작업(LV.2)|운반(LV.2)|파종(LV.1)|채집(LV.2)|제약(LV.1),6,로빈몽,1,로빈몽(Lv. 34–38),1
52,소름냥이,쥐구멍을 찾아다니며 무언가를 쫓고 있다. 몇 년에 걸친 관찰 결과 그것은 '소름'이라는 것이 밝혀졌다.,무속성,소름냥이의 실수,보유하고 있는 동안 무속성 팰의 공격력이 증가한다. 가끔 작업 중 아이템을 발견하기도 한다.,,0,1.0,S,1,60,150,100,70,70,100,100.0,1.1,50.0,1540,1460.0,평범한 알,Grintale,70.0,110,300,,,2775-3360,441-543,391-493,"공기 대포(무속성, 25파워, 2초) | 윈드 커터(풀속성, 30파워, 3초) | 파워 샷(무속성, 35파워, 4초) | 파워 폭탄(무속성, 70파워, 15초) | 코큰트 불릿(무속성, 150파워, 55초) | 윈드 블래스트(풀속성, 80파워, 12초) | 팰 폭발(무속성, 150파워, 55초)",7,,0,"양털(1, 100%) | 소름냥이의 털털털(1, 50%)",2,수작업(LV.1) | 운반(LV.1) | 채굴(LV.1),3,소름냥이,1,소름냥이(Lv. 20-22),1
53,모프링,지면을 기어 다니며 미세 유기물을 섭취한다. 영양이 없는 건 잠시 후 배출한다. 걸레라 생각하고 청소에 활용하면 서로 윈윈.,얼음,복슬복슬,보유하고 있는 동안 모프킹의 스테이터스가 상승한다.,,0,1.0,XS,1,60,150,100,60,60,100,100.0,1.1,50.0,1300,1180.0,얼어붙은 알,MopBaby,55.0,100,250,400.0,175.0,2775-3360,392-480,342-430,"공기 대포(무속성, 25파워, 2초) | 얼음 미사일(얼음 속성, 30파워, 3초) | 얼음 칼날(얼음 속성, 55파워, 10초) | 파워 폭탄(무속성, 70파워, 15초) | 빙산(얼음 속성, 70파워, 15초) | 서리 낀 입김(얼음 속성, 90파워, 22초) | 눈보라 스파이크(얼음 속성, 130파워, 45초)",7,,0,"양털(1, 100%) | 모프링의 솜털(1, 50%)",2,채집(LV.1) | 냉각(LV.1),2,수수께끼의 복슬복슬한 모프링 | 모프링,2,"모프링(Lv. 12-14) | 모프링(Lv. 10-12) | 모프링(Lv. 20-27) | 모프링(Lv. 14-17, 계곡의 동굴)",4
54,모프킹,동면 중엔 거대한 털 뭉치 속에 대량의 모프링이 숨어 있다. 과거 최대 기록은 무려 101마리.,얼음,복슬복슬 끝판왕,등에 타고 이동할 수 있다. 함께 싸우는 동안 보유하고 있는 모프링의 개체수가 많을수록 스테이터스가 상승한다.,모프킹 안장,14,1.0,L,6,100,225,100,90,90,100,100.0,1.0,50.0,410,6400.0,얼어붙은 대형 알,MopKing,60.0,120,650,1020.0,210.0,4075-5050,538-670,488-620,"파워 샷(무속성, 35파워, 4초) | 얼음 미사일(얼음 속성, 30파워, 3초) | 얼음 칼날(얼음 속성, 55파워, 10초) | 빙산(얼음 속성, 70파워, 15초) | 서리 낀 입김(얼음 속성, 90파워, 22초) | 팰 폭발(무속성, 150파워, 55초) | 눈보라 스파이크(얼음 속성, 130파워, 45초)",7,,0,"양털(3-5, 100%)",1,채집(LV.2) | 냉각(LV.2),2,수수께끼 복슬복슬 왕 모프킹 | 모프킹,2,"모프킹(Lv. 15-18) | 모프킹(Lv. 28-32) | 수수께끼 복슬복슬 왕 모프킹(Lv. 17-19, 계곡의 동굴)",3
55,베비뇽,몸을 둥글게 말아 엄청난 속도로 회전 이동할 수 있다. 옛날 사람들은 길들인 베비뇽에게 우유 주머니를 달아 방목하며 그 회전력으로 버터를 만들었다.,얼음|용,꿈틀꿈틀 족제비,등에 타고 이동할 수 있다. 탑승 중 플레이어의 공격이 용 속성으로 변화한다.,베비뇽 안장,13,1.0,M,4,90,225,100,80,80,100,100.0,1.0,50.0,800,3450.0,얼어붙은 알,WeaselDragon,100.0,180,750,1050.0,390.0,3750-4627,490-607,440-557,"얼음 미사일(얼음 속성, 30파워, 3초) | 용 대포(용 속성, 30파워, 2초) | 로켓 태클(용 속성, 50파워, 6초) | 용의 파장(용 속성, 55파워, 10초) | 얼음 칼날(얼음 속성, 55파워, 10초) | 용의 숨결(용 속성, 70파워, 15초) | 서리 낀 입김(얼음 속성, 90파워, 22초) | 용의 운석(용 속성, 150파워, 55초)",8,,0,"가죽(2-3, 100%)",1,채집(LV.1) | 냉각(LV.1),2,초원의 무희 베비뇽 | 베비뇽 | 천도뇽,3,"베비뇽(Lv. 20-28) | 베비뇽(Lv. 36-39) | 초원의 무희 베비뇽(Lv. 42-45, 영봉의 동굴) | 베비뇽(Lv. 39-41, 영봉의 동굴)",4
56,썬더콘,예전엔 번개 신의 사자로 여겨져 사람들이 건드리지 않았다. 하지만 낙뢰에 맞아 사망하는 모습이 목격된 뒤로 신앙이 무너지며 보이는 족족 잡혔다.,번개,질풍과 우레,등에 타고 이동할 수 있다. 탑승 중 플레이어의 공격이 번개 속성으로 변화한다.,썬더콘 안장,14,1.0,M,5,80,350,110,105,105,100,100.0,0.9,50.0,680,4280.0,찌릿찌릿한 대형 알,Kirin,80.0,130,720,1100.0,425.0,3425-4205,611-765,561-715,"스파크 샷(번개 속성, 30파워, 2초) | 전기 파장(번개 속성, 40파워, 4초) | 질풍뇌격(번개 속성, 60파워, 8초) | 고정식 레이저(번개 속성, 70파워, 15초) | 라인 썬더(번개 속성, 75파워, 16초) | 트라이 썬더(번개 속성, 90파워, 22초) | 번개 일격(번개 속성, 120파워, 40초) | 전기 볼트(번개 속성, 150파워, 55초)",8,,0,"가죽(2, 100%) | 발전 기관(1, 100%) | 뿔(1, 50%)",3,발전(LV.2) | 벌목(LV.1),2,질풍 우레 썬더콘 | 썬더콘,2,"썬더콘(Lv. 13-17) | 질풍 우레 썬더콘(Lv. 17-19, 계곡의 동굴) | 썬더콘(Lv. 14-17, 계곡의 동굴)",3
57,빙호,오로라가 보이는 밤이면 하늘을 올려다보며 아름다운 목소리로 노래를 시작한다. 다만 그 탓에 적에게 자주 공격당한다.,Ice,오로라의 인도,보유하고 있는 동안 얼음 속성 팰의 공격력이 증가한다.,,,,S,5,90,3,95,95,105,100,,,,760,,,Foxcicle,,130,600,0.0,,3750-4627,563-702,561-715,"공기 대포, 얼음 미사일, 얼음 칼날, 유령의 불꽃, 빙산, 서리 낀 입김, 눈보라 스파이크",7,,0,"Leather x1, Ice Organ x2-3",2,Cooling Lv2,1,,0,"Northern ice regions, Frozen areas",2
58,파이린,전신이 고효율의 방열 기관이 되어 경이적인 지구력을 발휘한다. 누가 올라타면 화상을 입지 않도록 배려해준다.,Fire,적토마,등에 타고 이동할 수 있다. 탑승 중 플레이어의 공격이 화염 속성으로 변화한다.,,,,L,6,100,5,95,95,90,100,,,,360,,,Pyrin,,150,850,1300.0,,4075-5050,563-702,488-620,"모래 돌풍, 파이어 샷, 스피릿 파이어, 불화살, 화염 돌격, 인페르노, 화염구",7,,0,"Flame Organ x4-5, Leather x2-3",2,"Kindling Lv2, Lumbering Lv1",2,,0,"Volcanic regions, Desert areas",2
59,얼음사슴,속이 비치는 투명한 뿔은 절대 영도에서 반짝인다. 맨손으로 만지면 전신이 얼어붙어 목숨마저 가루처럼 부서져 날아간다.,Ice,써늘한 육체,등에 타고 이동할 수 있다. 탑승 중에는 시원하여 더위를 느끼지 않게 된다.,,,,M,4,100,7,85,85,110,100,,,,880,,,Reindrix,,70,700,1070.0,,4075-5050,514-638,586-747,"공기 대포, 얼음 미사일, 얼음 칼날, 얼음뿔 돌진, 빙산, 서리 낀 입김, 눈보라 스파이크",7,,0,"Reindrix Venison x2, Leather x1, Horn x2, Ice Organ x2-3",4,"Lumbering Lv2, Cooling Lv2",2,,0,"Snow forests, Frozen mountains",2
60,썬도그,전속력으로 뛰면 그야말로 번개나 다름없다. 썬도그 끼리 충돌하면 천둥 같은 굉음이 울려 퍼진다.,Electric,도약력,등에 타고 이동할 수 있다. 탑승 중 2단 점프가 가능해진다.,,,,M,5,90,5,100,100,80,100,,,,740,,,Rayhound,,210,700,1150.0,,3750-4627,587-733,440-557,"모래 돌풍, 전기 파장, 스파크 샷, 바위 폭발, 천둥 소환, 번개 구체, 라인 썬더, 전기 볼트",8,,0,Electric Organ x1-2,1,Generating Electricity Lv2,1,,0,"Desert regions, Plains",2
61,불이리,기질이 워낙 예민해 기분이 상하면 동굴에 숨어 버린다. 옛 사람들은 불이리가 숨으면 흉조로 여겼다.,Fire,무념무상,등에 타고 이동할 수 있다. 탑승 중에는 추위나 더위의 영향을 받지 않는다.,불이리 안장,기술30,1.0,M,6,100,4,70,115,100,100,110.0,1.0,50.0,830,3170.0,열기 나는 대형 알,AmaterasuWolf,80.0,130,700,1100.0,415.0,4075 – 5050,660 – 828,537 – 683,파이어 샷|스피릿 파이어|유령의 불꽃|풍림화산|화염 폭풍|인페르노|화염구,7,,0,발화 기관|가죽,2,불 피우기 Lv2,1,푸른 불꽃의 수호신 불이리|불이리|광폭화한 불이리,3,Lv. 28–32|열기 나는 대형 알,2
62,썬더 키드,외톨이인 팰에게 친근하게 잘 대해준다. 착각한 상대 팰이 곁을 내주기가 무섭게 이때다 하고 낙뢰로 숨통을 끊는다.,Electric,천둥의 딸,보유하고 있는 동안 플레이어 가까이에 출현한다. 플레이어의 공격에 맞춰 낙뢰로 추격한다.,썬더키드의 목걸이,기술22,1.0,XS,2,70,2,110,80,70,100,100.0,1.0,20.0,1210,1390.0,찌릿찌릿한 알,RaijinDaughter,120.0,200,400,550.0,300.0,3100 – 3782,490 – 607,391 – 493,공기 대포|전기 파장|산성비|라인 썬더|트라이 썬더|번개 일격|전기 볼트,7,,0,발전 기관|썬더키드의 구름,2,발전 Lv1|수작업 Lv1|운반 Lv1,3,번개 구름의 후예 썬더 키드|썬더 키드,2,Lv. 24–28|찌릿찌릿한 알,2
63,루나리스,무심결에 눈을 쳐다봤다간 꼼짝없이 당하고 만다. 루나리스를 데리고 다니는 상당수는 그저 그렇게 하도록 홀렸을 뿐이다.,Neutral,반중력,보유하고 있는 동안 루나리스의 반중력에 의해 플레이어의 소지 중량 제한이 증가한다.,,,1.0,M,6,90,2,80,100,90,100,100.0,1.0,50.0,1110,1760.0,평범한 대형 알,Mutant,80.0,130,500,650.0,315.0,3750 – 4627,587 – 733,488 – 620,공기 대포|파워 샷|얼음 칼날|플라즈마 토네이도|파워 폭탄|눈보라 스파이크|팰 폭발,7,,0,팰지움 파편,1,수작업 Lv3|채집 Lv1|운반 Lv1,3,우주에서 온 루나리스|루나리스,2,Lv. 32–32|평범한 대형 알,2
64,플로라디노,한번 화를 내면 걷잡을 수 없을 정도로 분기탱천한다. 플로라디노의 꼬리를 밟다라는 말은 누군가의 격노를 샀다는 뜻이다.,Grass|Dragon,꽃향기 감도는 용,등에 타고 이동할 수 있다. 탑승 중 풀 속성 공격이 강화된다.,플로라디노 안장,기술19,1.0,L,6,110,6,90,85,90,100,150.0,1.0,50.0,820,3240.0,신록의 대형 알,FlowerDinosaur,70.0,120,700,1030.0,335.0,4400 – 5472,514 – 638,488 – 620,바람의 칼날|꼬리 채찍|용의 파장|씨앗 지뢰|용의 숨결|가시덩굴|태양 폭발,7,,0,밀 씨|당근 씨,2,파종 Lv2|벌목 Lv2,2,화원의 수호룡 플로라디노|플로라디노|광폭화한 플로라디노|찌르르디노,4,Lv. 14–17|신록의 대형 알,2
65,씨무기,유선형의 몸을 가져 수상 활동에 적합하다. 밀렵꾼에게 자주 붙잡혀 서핑보드 대용으로 사용되고 있다.,Water,쉬익쉬익 스위머,등에 타고 물 위를 이동할 수 있다. 탑승 중 수상 이동으로 인한 기력 소비를 무효화한다.,씨무기 안장,기술10,1.0,M,4,90,5,70,90,80,100,100.0,1.0,50.0,560,5050.0,축축한 알,Serpent,100.0,200,500,800.0,350.0,3750 – 4627,538 – 670,440 – 557,"워터 제트(물, 30, Lv1), 용 대포(용, 30, Lv7), 아쿠아 샷(물, 40, Lv15), 버블 샷(물, 65, Lv22), 용의 파장(용, 55, Lv30), 용의 숨결(용, 70, Lv40), 하이드로 스트림(물, 150, Lv50)",7,,0,팰의 체액 1–2 (100%),1,관개 Lv2,1,"씨무기(Normal), 파도 소리의 화신 씨무기(Boss), 스너펜트(Variant)",3,"Plains, Forest, Cave spawns",5
66,고스호스,죽을 때가 가까워진 생물이 뿜어내는 독특한 냄새를 좋아한다. 고스호스에게 사랑받는다는 건 바로 그런 것이다.,Dark,명계의 사자,등에 타고 이동할 수 있다. 탑승 중 플레이어의 공격이 어둠 속성으로 변화한다.,고스호스 안장,기술23,1.0,M,6,75,3,50,105,80,100,100.0,1.0,50.0,1150,1570.0,암흑의 대형 알,GhostBeast,100.0,160,700,1100.0,365.0,3262 – 3993,611 – 765,440 – 557,"파이어 샷(화염, 30, Lv1), 암흑구(어둠, 40, Lv7), 불화살(화염, 55, Lv15), 그림자 폭발(어둠, 55, Lv22), 유령의 불꽃(어둠, 75, Lv30), 유령의 질주(어둠, 90, Lv35), 악몽의 구체(어둠, 100, Lv40), 어둠의 레이저(어둠, 150, Lv50)",8,,0,"뼈 1–2 (100%), 작은 팰 영혼 1 (15%), 원유 1 (50%)",3,"채집 Lv2, 채굴 Lv1",2,"고스호스(Normal), 명계의 사자 고스호스(Boss), 광폭화한 고스호스(Boss)",3,"Snow areas, Cave spawns",6
67,드릴북이,드릴북이의 드릴이란 이야기가 있다. 최강의 등딱지와 드릴을 가진 드릴북이가 모순에 관해 고민하는 도덕적인 이야기다.,Ground,드릴 크래셔,발동하면 쉘 스핀 상태가 된다. 회전하면서 플레이어를 따라와 광석을 효율적으로 파괴한다.,드릴북이의 머리띠,기술19,1.0,M,5,80,5,80,95,120,100,100.0,1.0,50.0,850,2980.0,거친 느낌의 대형 알,DrillGame,75.0,120,300,420.0,190.0,3425 – 4205,563 – 702,635 – 810,"아쿠아 샷(물, 40, Lv1), 바위 폭발(땅, 55, Lv7), 쉘 스핀(땅, 65, Lv15), 바위 대포(땅, 70, Lv22), 모래 폭풍(땅, 80, Lv30), 물폭탄(물, 100, Lv40), 바위 창(땅, 150, Lv50)",7,단단한 피부(방어 +10%),1,"금속 광석 2–3 (100%), 고급 팰 기름 2–3 (100%)",2,채굴 Lv3,1,"드릴북이(Normal), 회전 착암기 드릴북이(Boss), 광폭화한 드릴북이(Boss)",3,"Desert areas, Cave spawns",5
68,냥뱃,갑자기 다른 팰 앞에 나타나 자랑스레 날개를 펼쳐 존재감을 과시한다. 위협적인 종으로 여겨지나 어딘지 모르게 황홀한 표정을 하고 있다.,Dark,초음파 센서,발동하면 초음파로 가까이 있는 팰의 위치를 탐지할 수 있다.,,,1.0,M,5,95,5,100,95,80,100,100.0,1.0,50.0,750,3810.0,암흑의 대형 알,CatBat,80.0,140,400,550.0,270.0,3912 – 4838,563 – 702,440 – 557,"공기 대포(무, 25, Lv1), 독 사격(어둠, 30, Lv7), 암흑구(어둠, 40, Lv15), 그림자 폭발(어둠, 55, Lv22), 유령의 불꽃(어둠, 75, Lv30), 악몽의 구체(어둠, 100, Lv40), 어둠의 레이저(어둠, 150, Lv50)",7,,0,"가죽 1–2 (100%), 작은 팰 영혼 1 (1%)",2,"채집 Lv2, 채굴 Lv2, 운반 Lv2",3,"냥뱃(Normal), 장난꾸러기 냥뱃(Boss)",2,"Grass areas, Cave spawns",8
69,핑크뇽,하룻밤의 사랑을 찾아 항상 누군가를 뒤쫓는다. 처음엔 팰에게만 흥미를 보였지만 최근엔 사람에게도 마수를 뻗기 시작했다.,Normal,하트 드레인,함께 싸우는 동안 피해를 주면 그 일부를 흡수하여 HP를 회복하는 생명 흡수 효과를 플레이어와 핑크뇽에게 부여한다.,,,1.0,L,5,120,5,70,70,70,100,140.0,1.0,30.0,940,2450.0,평범한 대형 알,PinkLizard,90.0,170,750,850.0,460.0,4725-5895,441-543,391-493,"파워 샷(Normal, 4초, 35) / 독 사격(Dark, 2초, 30) / 그림자 폭발(Dark, 10초, 55) / 산성비(Water, 18초, 80) / 파워 폭탄(Normal, 15초, 70) / 자폭(Normal, 55초, 230) / 팰 폭발(Normal, 55초, 150)",7,어브노멀 - 무속성 피해 경감 10%,1,버섯 2-4 (100%) / 케이크 1 (1%) / 수상한 주스 1 (1%) / 이상한 주스 1 (1%) / 기억 삭제 약 1 (1%),5,수작업 Lv2 / 채굴 Lv1 / 제약 Lv2 / 운반 Lv2,4,사랑에 굶주린 팰 핑크뇽(Boss) / 핑크뇽(Normal) / 광폭화한 핑크뇽(Boss),3,일반 지역(Lv.18-23) / 사막 지역(Lv.30-37) / 동굴(Lv.35-40) / 습격(Lv.5-38),4
70,라비,울 때 눈물 대신 용암이 흐른다. 흘러내린 용암은 다시 몸에 흡수되어 더욱 뜨거워진다. 흘린 눈물만큼 강해지는 것이다.,Fire,마그마 눈물,가축 목장에 배치하면 발화 기관을 만들기도 한다.,,,1.0,XS,1,60,2,100,70,80,100,100.0,1.1,50.0,1405,2500.0,열기 나는 알,LavaGirl,65.0,98,250,375.0,140.0,2775-3360,441-543,440-557,"파이어 샷(Fire, 2초, 30) / 스피릿 파이어(Fire, 7초, 45) / 불화살(Fire, 10초, 55) / 유령의 불꽃(Dark, 16초, 75) / 화염 폭풍(Fire, 18초, 80) / 인페르노(Fire, 40초, 120) / 화염구(Fire, 55초, 150)",7,,0,발화 기관 2-3 (100%) / 고급 팰 기름 1 (100%),2,불 피우기 Lv1 / 수작업 Lv1 / 운반 Lv1 / 목장 Lv1,4,용암 소녀 라비(Boss) / 라비(Normal),2,화산 지역(Lv.9-28) / 동굴(Lv.32-38) / 알(열기 나는 알),3
71,버드래곤,버드래곤의 외골격으로 만든 피리 소리는 천 개의 봉우리를 건넌다고 한다. 고대 전쟁에선 공격 신호로 사용했다.,Fire|Dark,하늘에서 온 습격자,등에 타고 하늘을 날 수 있다. 탑승 중 플레이어가 적의 약점 부위를 공격할 때 주는 피해량이 증가한다.,버드래곤 안장,기술21,1.0,L,4,90,6,100,115,90,100,100.0,1.0,50.0,660,4360.0,열기 나는 알,BirdDragon,100.0,350,700,850.0,475.0,3750-4627,660-828,488-620,"공기 대포(Normal, 2초, 25) / 파이어 샷(Fire, 2초, 30) / 스피릿 파이어(Fire, 7초, 45) / 파이어 브레스(Fire, 15초, 70) / 플라잉 브레스(Fire, 15초, 90) / 악몽의 구체(Dark, 30초, 100) / 화염구(Fire, 55초, 150) / 어둠의 레이저(Dark, 55초, 150)",8,,0,뼈 1-2 (100%) / 루비 1-2 (1%) / 금화 10-40 (10%),3,불 피우기 Lv1 / 운반 Lv3,2,하늘에서 온 습격자 버드래곤(Boss) / 버드래곤(Normal) / 광폭화한 버드래곤(Boss) / 시로카바네(Variant),4,일반 지역(Lv.10-15) / 화산 지역(Lv.27-31) / 동굴(Lv.32-38) / 붉은 지역(Lv.50-54) / 알(열기 나는 알),5
72,불무사,죽기 무섭게 몸이 칼날처럼 변해 다음 세대로 넘겨진다. 불무사 이외의 존재가 칼을 소유하면 안에 감춰진 망자들의 끈질긴 목소리에 미쳐버리고 만다.,Fire,번갯불 일섬,발동하면 목표로 삼은 적을 향해 높은 위력의 발도술로 공격한다.,,,1.0,M,7,80,4,100,125,80,100,100.0,1.0,50.0,640,4520.0,열기 나는 대형 알,Ronin,80.0,160,600,900.0,320.0,3425-4205,709-892,440-557,"파이어 샷(Fire, 2초, 30) / 바람의 칼날(Grass, 2초, 30) / 얼음 칼날(Ice, 10초, 55) / 발도술(Fire, 9초, 65) / 파이어 브레스(Fire, 15초, 70) / 번개 일격(Electric, 40초, 120) / 인페르노(Fire, 40초, 120)",7,,0,뼈 1-2 (100%) / 금속 주괴 2-3 (100%),2,불 피우기 Lv2 / 수작업 Lv1 / 채집 Lv1 / 벌목 Lv3 / 운반 Lv2,5,유랑 무사 불무사(Boss) / 불무사(Normal) / 어둠무사(Variant),3,보스 지역(Lv.23) / 화산 지역(Lv.34-37) / 금지 구역(Lv.40-45) / 무덤 지역(Lv.46-50) / 알(열기 나는 대형 알) / 습격(Lv.25-37),6
73,라이버드,적토조의 근연종으로 보이나 관계는 없다. 급강하해 날카로운 주둥이로 적을 처치한다. 그 모습은 마치 낙뢰를 보는 듯하다.,번개,천뢰,등에 타고 하늘을 날 수 있다. 탑승 중 플레이어의 공격이 번개 속성으로 변화한다.,라이버드 안장,기술34,Lv.1,L,6,105,475,100,115,80,100,100.0,1.0,50.0,220,7490.0,찌릿찌릿한 대형 알,ThunderBird,100.0,200,750,1200.0,375.0,4237-5261,660-828,440-557,공기 대포|스파크 샷|전기 파장|라인 썬더|급강하 번개 강타|트라이 썬더|모래 폭풍|전기 볼트,8,,0,발전 기관,1,발전 Lv2|채집 Lv1|운반 Lv3,3,천둥 번개의 날개 라이버드|라이버드,2,4_2_dessert_1|모래 언덕 동굴|화산 동굴|sakurajima_6_1_NorthDesert|grass_grade_02|Sakurajima_grade_01|Captured Cage: Desert1|습격 14-17|습격 18-99,9
74,적토조,라이버드의 근연종이지만 관계는 없다. 암석이 주식이며 오랜 세월에 걸쳐 주둥이는 물론 머리 전체가 단단해졌다.,화염,화염 날개,등에 타고 하늘을 날 수 있다. 탑승 중 플레이어의 공격이 화염 속성으로 변화한다.,적토조 안장,기술37,Lv.1,L,7,95,475,100,105,120,100,100.0,1.0,50.0,380,6720.0,열기 나는 대형 알,RedArmorBird,100.0,200,800,1300.0,375.0,3912-4838,611-765,635-810,공기 대포|스피릿 파이어|불화살|모래 폭풍|러시 비크|화염 폭풍|파이어 브레스|화염구,8,,0,발화 기관,1,불 피우기 Lv3|운반 Lv3,2,활활 타오르는 날개 적토조|적토조|광폭화한 적토조,3,3_2_volcano_1|3_3_volcano_1|모래 언덕 동굴|yamijima_7_3_RedArea_Magma|volcanic_grade_02|volcanic_grade_01,6
75,캐티메이지,음기의 힘으로 기괴한 술수를 부린다. 뭐든지 생으로 먹는 걸 좋아한다. 마호하고는 사이가 나쁘다.,어둠,마도서 수집가,함께 싸우는 동안 무속성 팰을 쓰러뜨렸을 때 드롭 아이템 획득량이 증가한다.,,,Lv.1,M,6,90,350,100,105,90,100,100.0,1.0,50.0,700,4120.0,암흑의 대형 알,CatMage,70.0,145,440,620.0,292.0,3750-4627,611-765,488-620,파이어 샷|암흑구|불화살|그림자 폭발|유령의 불꽃|악몽의 구체|어둠의 레이저,7,,0,가죽|캐티메이지의 체모|고도의 기술서,3,수작업 Lv2|제약 Lv2|운반 Lv2,3,암흑 고양이 마도사 캐티메이지|캐티메이지|캐티위자드,3,"World Map 392,-0|2_1_forest_1|2_1_forest_3|시냇물 동굴|grass_grade_02",5
76,마호,양기의 힘으로 기괴한 술수를 부린다. 뭐든지 노릇노릇하게 구워 먹는다. 캐티메이지하고는 사이가 나쁘다.,화염,여우 아가씨,함께 싸우는 동안 플레이어의 공격이 화염 속성으로 변화한다.,,,Lv.1,M,6,90,350,50,110,80,100,120.0,1.0,50.0,1160,3080.0,열기 나는 대형 알,FoxMage,70.0,145,440,620.0,292.0,3750-4627,636-797,440-557,파이어 샷|스피릿 파이어|불화살|유령의 불꽃|화염 폭풍|화염구|용의 운석,7,,0,발화 기관|고도의 기술서,2,불 피우기 Lv2|수작업 Lv3|운반 Lv2,3,화염 여우 마도사 마호|마호|영마호,3,3_1_volcano_1|모래 언덕 동굴|3_4_volcano_1|volcanic_grade_02|volcanic_grade_01|Captured Cage: Volcano1,6
77,초토리,초토리가 달리고 나면 토질이 좋아져 초목이 우거진다. 제초제를 뿌리면 그곳은 달리지 않는다.,풀,초원의 스피드스터,함께 싸우는 동안 플레이어의 이동 속도가 증가하며 플레이어의 공격이 풀 속성으로 변화한다.,,,1,M,8,90,225,100,115,90,100,100.0,1.0,50.0,990,2200.0,신록의 거대한 알,GrassRabbitMan,50.0,195,500,700.0,275.0,3750-4627,660-828,488-620,"바람의 칼날, 바위 대포, 씨앗 기관총, 바위 폭발, 초록 폭풍, 스핀 레그 러시, 가시덩굴, 태양 폭발",8,,0,"가죽, 뼈",2,"파종 Lv2, 수작업 Lv3, 채집 Lv3, 벌목 Lv2, 운반 Lv2",5,"숲을 휩쓰는 질풍 초토리 (보스), 초토리 (일반)",2,"제2 사냥 금지 구역, sakurajima_6_3_Grassland, yamijima_7_1_YellowArea, 신록의 거대한 알",4
78,비오레타,"성에는 임금님께서 좋아하시는 꽃이 잔뜩 피어 있었습니다. 어느 날 큰 싸움이 벌어져, 성까지 불이 옮겨붙으려 하고 있었습니다. 바로 그곳에서, 한 꽃의 정령이 나타났습니다. - 동화 '임금님의 꽃'에서 발췌.",풀,대지 정화,함께 싸우는 동안 땅 속성 팰을 쓰러뜨렸을 때 드롭 아이템 획득량이 증가한다.,,,1,M,8,100,225,100,100,120,100,100.0,1.0,50.0,1050,1960.0,신록의 거대한 알,VioletFairy,100.0,150,400,550.0,275.0,4075-5050,587-733,635-810,"독 안개, 바람의 칼날, 독 사격, 씨앗 지뢰, 초록 폭풍, 악몽의 구체, 태양 폭발",7,,0,"하급 의약품, 토마토 씨, 양파 씨",3,"파종 Lv2, 수작업 Lv2, 채집 Lv2, 제약 Lv3, 운반 Lv1",5,"자줏빛 감색 풀의 환영 비오레타 (보스), 비오레타 (일반)",2,제1 사냥 금지 구역,1
79,실키누,비를 좋아해서 비가 내리는 동안 꼼작 않고 있는 경우가 많다. 파이호가 자주 비를 피하러 찾아온다.,얼음,실크 메이커,발동하면 목표로 삼은 적을 향해 높은 위력의 눈보라 스파이크로 공격한다. 가축 목장에 배치하면 상급 천을 만들기도 한다.,,,1,L,7,110,350,90,90,100,100,90.0,1.0,50.0,450,5900.0,얼어붙은 대형 알,WhiteMoth,50.0,100,400,550.0,250.0,4400-5472,538-670,537-683,"얼음 미사일, 얼음 칼날, 빙산, 서리 낀 입김, 유령의 불꽃, 물폭탄, 눈보라 스파이크",7,,0,"상급 천, 빙결 기관",2,"제약 Lv2, 냉각 Lv2, 목장 Lv1",3,"순백의 귀부인 실키누 (보스), 실키누 (일반)",2,"snow_5_1_snow_1, 영봉의 동굴, 얼어붙은 대형 알",3
80,실피아,겉모습처럼 천진난만한 성격이다. 그래서인지 선악의 구별에 어두워 악의를 가진 인간에게 이용당하기 십상이다.,용,마음씨 착한 성룡,등에 타고 하늘을 날 수 있다. 하늘을 나는 동안 이동 속도가 상승한다. 함께 싸우는 동안 어둠 속성 팰을 쓰러뜨렸을 때 드롭 아이템 획득량이 증가한다.,실피아 안장,기술20,1,L,7,110,400,80,80,90,100,100.0,1.0,50.0,540,5230.0,용의 대형 알,FairyDragon,83.0,83,700,1000.0,456.0,4400-5472,490-607,488-620,"용 대포, 용의 파장, 불화살, 신비의 허리케인, 용의 숨결, 팰 폭발, 용의 운석",7,,0,고급 팰 기름,1,벌목 Lv2,1,"온후한 하늘의 용 실피아 (보스), 실피아 (일반), 광폭화한 실피아 (보스), 실티아 (아종)",4,"제1 사냥 금지 구역, 영봉의 동굴",2
81,켈시,태어난 장소의 수질에 따라 성격이 달라진다. 더러운 웅덩이에서 태어난 켈시은(는) 대체로 성격이 나쁘고 흉악하기 일쑤다.,물,물 뿌리기,보유하고 있는 동안 물 속성 팰의 공격력이 증가한다. 가축 목장에 배치하면 팰의 체액을(를) 떨어뜨리기도 한다.,,,1,XS,1,70,100,100,70,70,100,100.0,1.0,50.0,1260,1260.0,축축한 알,Kelpie,50.0,100,700,900.0,400.0,3100 – 3782,441 – 543,391 – 493,"워터 제트, 용 대포, 아쿠아 샷, 버블 샷, 파워 폭탄, 물폭탄, 하이드로 스트림",7,,0,"켈시의 살코기, 팰의 체액",2,"관개 Lv1, 목장 Lv1",2,Kelpie,1,"1_11_plain_Kelpee, 계곡의 동굴, 낚시터",3
82,아주리비,새하얀 띠는 불순한 물에 닿아 시커멓게 변색한다. 독성 확인에 유용하다고 남획된 터라 지금도 인간을 안 좋게 생각한다.,물|용,물 위의 춤,등에 타고 물 위를 이동할 수 있다. 탑승 중 플레이어의 공격이 물 속성(으)로 변화한다.,아주리비 안장,기술24,1,L,7,110,400,70,100,100,100,100.0,1.0,50.0,500,5600.0,축축한 대형 알,BlueDragon,75.0,150,600,900.0,350.0,4400 – 5472,587 – 733,537 – 683,"아쿠아 샷, 용 대포, 버블 샷, 용의 파장, 용의 숨결, 하이드로 스트림, 용의 운석",7,,0,천,1,관개 Lv3,1,BlueDragon,1,"제1 사냥 금지 구역, 낚시터",2
83,백랑이,단단한 발톱으로 험한 산도 즐겁게 오른다. 하지만 다리가 짧아 하산이 힘들어 종종 높은 곳에서 이러지도 저러지도 못한다.,얼음,용 사냥꾼,함께 싸우는 동안 용 속성 팰을 쓰러뜨렸을 때 드롭 아이템 획득량이 증가한다.,,,1,L,7,100,475,140,100,110,100,100.0,1.0,50.0,130,8440.0,얼어붙은 대형 알,WhiteTiger,100.0,280,720,900.0,460.0,4075 – 5050,587 – 733,586 – 747,"파워 샷, 얼음 미사일, 바위 대포, 얼음 칼날, 빙산, 눈보라 할퀴기, 서리 낀 입김, 눈보라 스파이크",8,,0,빙결 기관,1,"수작업 Lv1, 벌목 Lv2, 냉각 Lv3, 운반 Lv3",4,WhiteTiger,1,"snow_5_1_snow_1, 영봉의 동굴, glacier_grade_01, glacier_grade_02",4
84,만티파이어,생고기를 좋아하지만 항상 익힌 고기를 먹는다. 타오르는 발톱을 무기로 삼은 탓에 잡은 먹이가 바싹 익어버린다는 것을 깨닫지 못했기 때문이다.,화염,지옥불 사자,등에 타고 이동할 수 있다. 함께 싸우는 동안 풀 속성 팰을 쓰러뜨렸을 때 드롭 아이템 획득량이 증가한다.,만티파이어 안장,기술33,1,L,7,105,475,100,110,80,100,100.0,1.0,50.0,710,4040.0,열기 나는 대형 알,Manticore,90.0,180,800,1200.0,465.0,4237 – 5261,636 – 797,440 – 557,"파이어 샷, 파워 샷, 불화살, 파이어 브레스, 인페르노, 화산의 일격, 화염구, 팰 폭발",8,,0,발화 기관,1,"불 피우기 Lv3, 벌목 Lv2",2,Manticore,1,"3_2_volcano_1, 모래 언덕 동굴, yamijima_7_3_RedArea_Magma",3
85,헤로롱,어리바리한 겉모습과 달리 속은 사납다. 눈에 띄는 모든 걸 먹이로 인식하여 닥치는 대로 잡아먹으려고 든다.,용|물,꾸벅꾸벅 미사일,등에 타고 이동할 수 있다. 탑승 중 미사일 발사기 연사가 가능해진다.,헤로롱 미사일 런처,44,1,XL,8,110,475,110,100,70,100,100.0,1.0,50.0,280,10240.0,용의 거대한 알,LazyDragon,40.0,60,650,1000.0,150.0,4400 – 5472,587 – 733,391 – 493,용 대포|아쿠아 샷|용의 파장|버블 샷|용의 숨결|물폭탄|용의 운석,7,먹보,1,고급 팰 기름|루비,2,관개 Lv2|운반 Lv1,2,폭식룡 헤로롱|헤로롱|광폭화한 헤로롱|핑피롱,4,1_7_plain_Pekodon|sakurajima_6_6_MushroomForest|용의 거대한 알|습격,4
86,라브라돈,교미 전후로 체취가 크게 달라진다. 파트너를 발견한 뒤엔 좋은 향기가 나 '첫사랑의 향기'라고 불린다.,풀,애정 과적재,등에 타고 이동할 수 있다. 보유하고 있는 동안 라브라돈이 짐을 대신 짊어져 플레이어의 소지 중량 제한이 증가한다.,라브라돈 안장,19,1,XL,7,120,475,80,90,100,100,120.0,1.0,50.0,860,2920.0,신록의 대형 알,SakuraSaurus,50.0,75,550,1020.0,200.0,4725 – 5895,538 – 670,537 – 683,바람의 칼날|모래 돌풍|몸통 박치기|씨앗 지뢰|초록 폭풍|가시덩굴|태양 폭발,7,,0,라브라돈의 공룡고기|토마토 씨|감자 종자,3,파종 Lv3,1,봄을 알리는 바람 라브라돈|라브라돈|스프라돈,3,1_6_plain_Kirin|1_9_plain_SweetsSheep|신록의 대형 알,3
87,플로리나,수명이 다하면 큰 식물로 변한다. 10년에 한 번 아주 예쁜 꽃을 피우며 거기서 새 플로리나가 자란다.,풀,꽃의 정령의 축복,발동하면 꽃의 치유력으로 플레이어의 HP를 회복한다.,,,1,M,8,100,225,100,95,100,100,100.0,1.0,50.0,780,3590.0,신록의 거대한 알,FlowerDoll,100.0,150,550,700.0,350.0,4075 – 5050,563 – 702,537 – 683,바람의 칼날|아쿠아 샷|씨앗 기관총|버블 샷|초록 폭풍|가시덩굴|태양 폭발,7,,0,예쁜 꽃,1,파종 Lv3|수작업 Lv2|채집 Lv2|제약 Lv2|운반 Lv1,5,화원의 아가씨 플로리나|플로리나,2,제1 사냥 금지 구역|sakurajima_6_7_FlowerGarden|신록의 거대한 알,3
88,볼카노,마그마 같은 피가 전신에 힘차게 흐르고 있다. 물을 흠뻑 끼얹으면 순식간에 가열돼 엄청난 수증기 폭발이 발생한다.,화염|땅,광석을 탐하는 야수,등에 타고 이동할 수 있다. 탑승 중 광석 파괴 효율이 향상된다.,볼카노 안장,32,1,L,6,110,350,100,105,120,100,100.0,1.0,50.0,320,6940.0,열기 나는 대형 알,VolcanicMonster,50.0,80,550,1000.0,235.0,4400 – 5472,611 – 765,635 – 810,파이어 샷|바위 폭발|바위 대포|파이어 브레스|화산 폭발|인페르노|바위 창,7,,0,발화 기관,1,불 피우기 Lv3|채굴 Lv3,2,용암에 굶주린 야수 볼카노|볼카노|프로스카노,3,3_1_volcano_1|모래 언덕 동굴|열기 나는 대형 알|습격,4
89,킹파카,멜파카의 시중을 받는다. 킹파카끼리 결투로 서열을 정한다. 혼자인 개체는 패배한 녀석이다.,무,파워풀 킹,등에 타고 이동할 수 있다. 보유하고 있는 동안 킹파카이가 짐을 대신 짊어져 플레이어의 소지 중량 제한이 증가한다.,킹파카 안장,21,"1,2,3,4,5",XL,8,120,475,100,85,90,100,100.0,1.0,90.0,470,5800.0,평범하고 거대한 알,KingAlpaca,80.0,80,700,1040.0,290.0,4725-5895,514-638,488-620,모래 돌풍(땅)|파워 샷(무)|파워 폭탄(무)|킹 프레스(무)|트라이 썬더(번개)|바위 창(땅)|팰 폭발(무),7,,0,양털,1,채집 Lv1,1,KingAlpaca,1,제2 사냥 금지 구역 Lv.40-45,1
90,그린모스,등에 있는 식물은 개체마다 제각각이다. 관상용으로 익숙한 역사도 있으며 그린모스 전문 정원사마저 존재했다.,풀|땅,가이아 크래셔,등에 타고 이동할 수 있다. 탑승 중 나무와 광석 파괴 효율이 향상된다.,그린모스 안장,29,"1,2,3,4,5",XL,8,150,525,100,85,90,100,30.0,1.0,50.0,300,9450.0,신록의 거대한 알,GrassMammoth,100.0,135,600,1030.0,282.0,5700-7162,514-638,488-620,모래 돌풍(땅)|씨앗 기관총(풀)|파워 폭탄(무)|초록 폭풍(풀)|대지 강타(땅)|가시덩굴(풀)|태양 폭발(풀),7,,0,고급 팰 기름|가죽|그린모스의 거대 고기,3,파종 Lv2|벌목 Lv2|채굴 Lv2,3,GrassMammoth,1,다수 지역 스폰,6
91,움포,정체를 밝혀내려고 연구자가 털을 깎았지만 애초부터 안엔 아무것도 없었다는 듯 털만 남아 있었다.,얼음,설산의 거인,등에 타고 이동할 수 있다. 보유하고 있는 동안 움포이가 짐을 대신 짊어져 플레이어의 소지 중량 제한이 증가한다.,움포 안장,44,"1,2,3,4,5",L,7,140,525,100,80,100,100,100.0,1.0,50.0,460,5900.0,얼어붙은 대형 알,Yeti,70.0,100,600,1050.0,150.0,5375-6740,490-607,537-683,얼음 미사일(얼음)|바람의 칼날(풀)|얼음 칼날(얼음)|빙산(얼음)|서리 낀 입김(얼음)|눈덩이 굴리기(얼음)|눈보라 스파이크(얼음)|태양 폭발(풀),8,,0,빙결 기관|예쁜 꽃,2,수작업 Lv2|벌목 Lv3|냉각 Lv2|운반 Lv4,4,Yeti,1,영봉의 동굴 외 다수,4
92,장수벌레,전신을 감싸는 초강력 장갑은 압도적인 강도와 내열성을 자랑한다. 네이팜탄마저 거의 효과를 못 본다.,땅|풀,튼튼한 갑옷,함께 싸우는 동안 플레이어의 방어력이 증가하며 화염 속성 피해를 경감한다.,,,"1,2,3,4,5",L,8,120,400,100,100,120,100,100.0,1.0,85.0,340,6830.0,거친 느낌의 거대한 알,HerculesBeetle,55.0,110,500,600.0,110.0,4725-5895,587-733,635-810,바람의 칼날(풀)|씨앗 기관총(풀)|바위 폭발(땅)|바위 대포(땅)|거대한 뿔(땅)|바위 창(땅)|태양 폭발(풀),7,단단한 피부,1,벌꿀,1,파종 Lv1|수작업 Lv1|벌목 Lv3|운반 Lv3,4,HerculesBeetle,1,중갑의 투사 장수벌레 외 다수,4
93,윈드디어,"먼 옛날, 그 아름다움 덕에 그림의 소재가 된 친근한 존재였다. 시대가 흐르며 아름다운 털가죽과 뿔도 예술품의 재료가 되어 일상적인 존재가 됐다.",무,풍운,등에 타고 이동할 수 있다. 탑승 중 2단 점프가 가능해진다.,윈드디어 안장,26,1,S,3,110,400,110,110,90,100,100.0,1.0,50.0,980,2250.0,평범한 알,FengyunDeeper,85.0,100,750,1050.0,417.0,4400-5472,636-797,488-620,"공기 대포, 아쿠아 샷, 구름 폭풍, 산성비, 물폭탄, 눈보라 스파이크, 팰 폭발",7,,0,"가죽 3, 뿔 2",2,벌목 Lv2,1,"유유자적하는 구름 윈드디어 (보스), 윈드디어 (일반)",2,"3_3_volcano_1 (34-37), 제3 사냥 금지 구역 (40-45), 모래 언덕 동굴 (36-38)",3
94,블러드캐티,어둠 속에서 먹잇감을 습격해 망토 같은 날개로 가둬 버린다. 안에서 무슨 일이 벌어지는지 날개 안이 왜 시뻘건지는 모르는 게 약이다.,어둠,생명 흡수,함께 싸우는 동안 피해를 주면 그 일부를 흡수하여 HP를 회복하는 생명 흡수 효과를 플레이어와 블러드캐티에게 부여한다.,,0,1,M,6,100,350,100,105,110,100,110.0,1.0,50.0,1010,2100.0,암흑의 대형 알,CatVampire,60.0,100,550,700.0,325.0,4075-5050,611-765,586-747,"독 사격, 암흑구, 그림자 폭발, 유령의 불꽃, 악몽의 구체, 인페르노, 어둠의 레이저",7,,0,"천 1-2, 작은 팰 영혼 1",2,제약 Lv3,1,"어스름의 흡혈귀 블러드캐티 (보스), 블러드캐티 (일반)",2,"시냇물 동굴 (20-23), 월드맵 -21,175 (23), 습격 25-99 (50)",3
95,페스키,페스키을(를) 껴안고 자면 천국에 온 듯한 기분이나 잠버릇이 험한 개체와 자면 깔려 죽어서 천국으로 직행이다.,용,천공용의 자애,등에 타고 하늘을 날 수 있으며 탑승 중 용 속성 공격이 강화된다. 하늘을 나는 동안 이동 속도가 상승한다.,페스키 안장,36,1,L,7,105,300,100,100,100,100,100.0,1.0,50.0,350,6830.0,용의 대형 알,SkyDragon,120.0,240,900,1400.0,470.0,4237-5261,587-733,537-683,"용 대포, 스피릿 파이어, 산성비, 용의 숨결, 초록 폭풍, 물폭탄, 용의 운석",7,,0,고급 팰 기름 3,1,"수작업 Lv1, 채집 Lv2, 채굴 Lv2, 운반 Lv3",4,"순백의 비행자 페스키 (보스), 페스키 (일반), 포레스키 (변종)",3,"월드맵 77,127 (23), 제2 사냥 금지 구역 (40-45), 영봉의 동굴 (42-45), sakurajima_6_3_Grassland (50-52)",4
96,마그마 카이저,화산 분화와 함께 태어났다는 전설이 있다. 이 대지는 거대한 마그마 카이저의 등이라고 주장하는 괴상한 단체도 있었다.,화염,마그마 카이저,등에 타고 이동할 수 있다. 탑승 중 화염 속성 공격이 강화된다.,마그마 카이저 안장,40,1,XL,9,100,600,150,125,120,100,50.0,1.0,50.0,10,10520.0,열기 나는 거대한 알,KingBahamut,150.0,400,800,1200.0,500.0,4075-5050,709-892,635-810,"파워 샷, 파이어 샷, 바위 폭발, 파이어 브레스, 인페르노, 완력 강타, 화염구, 바위 창",8,염제,1,"석탄 10, 발화 기관 10",2,"불 피우기 Lv3, 채굴 Lv4",2,"연옥의 폭군 마그마 카이저 (보스), 마그마 카이저 (일반), 마그마 드라고 (변종)",3,제3 사냥 금지 구역 (40-45),1
97,헬가루다,지옥에서 번개를 불러낸다. 헬가루다의 번개에 맞아 불타 죽으면 그 혼은 지옥에 떨어진다.,어둠,명부의 날개,등에 타고 하늘을 날 수 있다. 탑승 중 플레이어의 공격이 어둠 속성으로 변화한다.,헬가루다 안장,33,1,L,7,100,525,100,125,100,100,100.0,1.0,50.0,190,7840.0,암흑의 대형 알,HadesBird,100.0,100,700,1100.0,450.0,4075-5050,709-892,537-683,스피릿 파이어 Lv1|암흑구 Lv7|그림자 폭발 Lv15|화염 폭풍 Lv22|유령의 불꽃 Lv30|악몽의 구체 Lv40|어둠의 레이저 Lv50,7,,0,독샘 1-3개 100%|중간 팰 영혼 1개 3%,2,운반 Lv3,1,명부의 날개 헬가루다(보스)|헬가루다(일반)|라이가루다(변종),3,2_1_forest_1 Lv25-28|2_1_forest_3 Lv25-28|2_1_forest_4 Lv24-26,3
98,라바드래곤,"심연에서 온 난폭한 존재. 그대, 이 용 앞에 서지 말지어다. 그대, 이 용의 울음에 귀를 막을지어다.",용|어둠,검은 갑옷의 용,등에 타고 하늘을 날 수 있다. 탑승 중 광석에 주는 피해량이 증가하며 금속 광석의 획득량이 증가한다.,라바드래곤 안장,47,1,XL,9,100,600,100,125,125,100,100.0,1.0,50.0,150,8200.0,용의 거대한 알,BlackMetalDragon,100.0,150,700,1100.0,375.0,4075-5050,709-892,659-842,용 대포 Lv1|유령의 불꽃 Lv7|용의 파장 Lv15|악몽의 구체 Lv22|용의 숨결 Lv30|펀치 브레스 Lv35|어둠의 레이저 Lv40|용의 운석 Lv50,8,단단한 피부 (방어 +10%),1,팰 금속 주괴 1-2개 100%|순수한 석영 3-5개 100%,2,수작업 Lv1|채굴 Lv4,2,강철의 용왕 라바드래곤(보스)|라바드래곤(일반),2,제3 사냥 금지 구역 Lv40-45,1
99,데스 스팅,본체는 에너지 덩어리로 속이 비었다. 산 채로 먹잇감 속으로 스며들어 흡수한다. 주변엔 지옥 같은 신음이 끝없이 울려 퍼진다.,어둠|땅,스틸 스콜피온,함께 싸우는 동안 플레이어의 방어력이 증가하고 번개 속성 팰을 쓰러뜨렸을 때 드롭 아이템 획득량이 증가한다.,,,1,L,9,100,475,100,100,130,100,100.0,1.0,50.0,260,7050.0,암흑의 거대한 알,DarkScorpion,100.0,200,1000,1200.0,600.0,4075-5050,587-733,683-873,모래 돌풍 Lv1|독 사격 Lv7|그림자 폭발 Lv15|바위 대포 Lv22|악몽의 구체 Lv30|점프 찌르기 Lv35|바위 창 Lv40|어둠의 레이저 Lv50,8,,0,석탄 10개 100%|독샘 5-10개 100%,2,벌목 Lv2|채굴 Lv3,2,뭐든지 꿰뚫는 창 데스 스팅(보스)|데스 스팅(일반)|골드 스팅(변종),3,제2 사냥 금지 구역 Lv40-45|sakurajima_6_1_NorthDesert Lv50-51|sakurajima_6_5_SouthDesert Lv50-51|Sakurajima_grade_01 암흑의 거대한 알,4
100,아누비스,그 풍모 덕택에 일찍이 고귀한 자의 상징이었다. 부와 권력을 멀리하는 이에게도 귀감이었으나 언제부턴가 아누비스는 죽음의 상징이 되었다.,땅,사막의 수호신,함께 싸우는 동안 플레이어의 공격이 땅 속성으로 변화한다. 전투 중에 가끔씩 고속 스텝으로 공격을 회피한다.,,,1,M,10,120,400,130,130,100,100,100.0,1.0,50.0,570,4960.0,거친 느낌의 거대한 알,Anubis,80.0,160,800,1000.0,480.0,4725-5895,733-923,537-683,바위 폭발 Lv1|파워 폭탄 Lv7|모래 폭풍 Lv15|스핀 레그 러쉬 Lv22|포스 드라이브 Lv30|그라운드 스매셔 Lv40|바위 창 Lv50,7,지제 (땅 속성 공격 피해 증가 20%),1,뼈 3-5개 100%|대형 팰 영혼 1개 100%|혁신적인 기술서 1개 5%,3,수작업 Lv4|채굴 Lv3|운반 Lv2,3,저무는 태양의 수호자 아누비스(보스)|아누비스(일반),2,,0
101,레비드라,억울한 누명으로 소용돌이치는 물속에 떨어진 현자가 레비드라(으)로 환생하여 나라를 멸망시켰다는 전설이 있다.,용|물,폭풍을 부르는 해룡,등에 타고 물 위를 이동할 수 있다. 탑승 중 수상 이동으로 인한 기력 소비를 무효화한다.,레비드라 안장,39,1,XL,8,130,475,150,120,100,100,100.0,1.0,50.0,310,9320.0,용의 거대한 알,Umihebi,100.0,175,600,1000.0,350.0,5050-6317,685-860,537-683,아쿠아 샷|용 대포|용의 숨결|물폭탄|트라이 썬더|바다뱀|하이드로 스트림|용의 운석,8,해황,1,팰의 체액,1,관개 Lv4,1,해상의 패자 레비드라|레비드라|아그니드라,3,무,0
102,주작,옛날에는 건기를 불러오는 존재로 여겨졌다. 지난 해에 가물었다면 다음 해의 풍작을 기원하며 이 녀석을 집요하게 사냥하곤 했다.,화염,화염의 날개,등에 타고 하늘을 날 수 있으며 탑승 중 화염 속성 공격이 강화된다.,주작 안장,41,1,XL,8,120,525,100,105,105,100,100.0,1.0,50.0,50,9840.0,열기 나는 거대한 알,Suzaku,100.0,200,850,1100.0,450.0,4725-5895,611-765,561-715,공기 대포|파이어 샷|스피릿 파이어|불화살|파이어 브레스|화염 폭풍|화염구,7,무,0,발화 기관,1,불 피우기 Lv3,1,하늘의 왕자 주작|주작|시바,3,4_1_dessert_1 Lv40-42|desert_grade_01 열기 나는 거대한 알,2
103,일렉판다,호쾌한 얼굴에 듬직한 체구를 가졌으며 친구로 인정한 상대에겐 순종적이다. 하지만 어쩐 일인지 미니건만 맡기면 돌변한다.,번개,노란 중전차,등에 타고 이동할 수 있다. 탑승 중 미니건 연사가 가능해진다.,일렉판다 미니건,40,1,L,8,105,475,120,100,100,100,100.0,1.0,50.0,200,7720.0,찌릿찌릿한 거대한 알,ElecPanda,80.0,140,600,1000.0,210.0,4237-5261,587-733,537-683,스파크 샷|전기 파장|전기 할퀴기|라인 썬더|트라이 썬더|번개 일격|전기 볼트|뇌격의 중전차,8,무,0,발전 기관|가죽,2,발전 Lv3|수작업 Lv2|벌목 Lv2|운반 Lv3,4,레인 밀렵단 간부 조이&일렉판다|천둥의 쌍발톱 일렉판다|일렉판다,3,제1 사냥 금지 구역 Lv18-22,1
104,릴린,자애심으로 가득한 온화한 팰. 부모를 잃은 어린 팰들을 돌봐주고 있다. 버릇은 전력으로 쏘는 태양 폭발.,풀,풍요의 여신,발동하면 여왕의 치유력으로 플레이어의 HP를 대폭 회복한다.,무,0,1,L,9,110,400,100,110,105,100,100.0,1.0,30.0,250,7160.0,신록의 거대한 알,LilyQueen,60.0,100,450,550.0,275.0,4400-5472,636-797,561-715,바람의 칼날|씨앗 기관총|씨앗 지뢰|물폭탄|초록 폭풍|가시덩굴|태양 폭발|풍양의 가호,8,정령왕,1,하급 의약품|예쁜 꽃|혁신적인 기술서,3,파종 Lv4|수작업 Lv3|채집 Lv2|제약 Lv3,4,팰 애호 단체 창시자 릴리&릴린|백합의 여제 릴린|릴린|루나퀸,4,2_1_forest_test Lv15-18|제3 사냥 금지 구역 Lv40-45|sakurajima_6_7_FlowerGarden Lv50-51|5_2_island_shipwreck_BOSS Lv35-45|Sakurajima_grade_01 신록의 거대한 알|습격 18-99 Lv39,6
105,호루스,먹잇감 무리를 발견하면 작열하는 회오리바람으로 주변 일대를 불바다로 만든다. 호루스의 서식지는 감미로운 향기가 난다.,화염,작열의 포식자,등에 타고 하늘을 날 수 있다. 함께 싸우는 동안 얼음 속성 팰을 쓰러뜨렸을 때 드롭 아이템 획득량이 증가한다.,호루스 안장,38,1,L,9,100,525,100,105,110,100,90.0,1.0,50.0,370,6720.0,열기 나는 거대한 알,Horus,150.0,200,1000,1400.0,500.0,4075-5050,611-765,586-747,파이어 샷|불화살|스피릿 파이어|파이어 브레스|봉황의 비행|인페르노|화염구|염황열파,8,,0,발화 기관,1,불 피우기 Lv3|운반 Lv3,2,Horus,1,제3 사냥 금지 구역 Lv.40-45,1
106,전룡맨,상처로 전류를 흘려보내 상대의 몸을 불태운다. 전룡맨끼리 싸우면 순식간에 승부가 난다.,용|번개,사나운 번개용,함께 싸우는 동안 물 속성 팰을 쓰러뜨렸을 때 드롭 아이템 획득량이 증가한다.,,0,1,L,9,100,475,100,130,100,100,100.0,1.0,50.0,140,8320.0,용의 거대한 알,ThunderDragonMan,100.0,185,900,1200.0,250.0,4075-5050,733-923,537-683,케라노우스|번개 일격|스파크 샷|용의 숨결|라인 썬더|트라이 썬더|전기 볼트|폴리케라우노스,8,뇌제,1,발전 기관,1,발전 Lv4|수작업 Lv2|운반 Lv3,3,ThunderDragonMan,1,제3 사냥 금지 구역 Lv.40-45,1
107,제노그리프,광기 끝에 태어난 금기의 존재. 다른 팰과 유전적 연관성이 사라진 상태이며 팰의 범주에서 벗어나 버렸는지도 모른다.,어둠,개조 유전자,등에 타고 하늘을 날 수 있다. 탑승 중 어둠 속성 공격이 강화된다. 하늘을 나는 동안 이동 속도가 상승한다.,제노그리프 안장,47,1,L,10,120,525,130,120,140,100,90.0,1.0,50.0,60,9060.0,암흑의 거대한 알,BlackGriffon,80.0,80,850,1600.0,465.0,4725-5895,685-860,732-937,공기 대포|암흑구|그림자 폭발|유령의 불꽃|악몽의 구체|신이 내린 재앙|어둠의 레이저|신이 내린 재앙 Ⅱ,8,,0,팰 금속 주괴|카본 섬유|혁신적인 기술서,3,채집 Lv1,1,BlackGriffon,1,제3 사냥 금지 구역 Lv.40-45,1
108,팔라디우스,원래 켄타나이트의 일종이었다. 나쁜 감정을 제거한 존재로 여겨지나 눈동자 속에선 일말의 증오가 번뜩인다.,무,하늘을 나는 성기사,등에 타고 이동할 수 있다. 탑승 중 3단 점프가 가능해진다.,팔라디우스 안장,49,1,L,20,130,600,110,120,145,100,100.0,1.0,50.0,80,8810.0,평범하고 거대한 알,SaintCentaur,50.0,100,800,1800.0,450.0,5050-6317,685-860,756-968,파워 샷|얼음 미사일|빙산|파워 폭탄|눈보라 스파이크|창기병 돌격|팰 폭발|프로스트 아웃|신성 폭발,9,전설|성천,2,팰 금속 주괴|다이아몬드,2,벌목 Lv2|채굴 Lv2,2,SaintCentaur,1,,0
109,켄타나이트,원래 팔라디우스의 일종이었다. 나쁜 감정만 분리된 듯한 모습이지만 눈동자 속에는 일말의 자비가 반짝인다.,어둠,심연의 흑기사,등에 타고 이동할 수 있다. 탑승 중 2단 점프가 가능해진다.,켄타나이트 안장,49,1,L,20,130,600,100,145,120,100,100.0,1.0,50.0,70,8930.0,암흑의 거대한 알,BlackCentaur,100.0,350,1300,1900.0,625.0,5050-6317,806-1018,635-810,그림자 폭발|스피릿 파이어|유령의 불꽃|악몽의 구체|바위 창|쌍창 돌격|어둠의 레이저|아포칼립스|스톤 비트,9,전설|명왕,2,팰 금속 주괴|대형 팰 영혼,2,벌목 Lv2|채굴 Lv2,2,BlackCentaur,1,,0
110,빙천마,겨울을 불러오는 팰파고스섬의 수호신. 일찍이 재앙이 이 땅을 석권할 때 하늘을 가로지르며 끝나지 않는 겨울을 불러와 이를 봉인했다.,얼음,빙천마,등에 타고 하늘을 날 수 있다. 탑승 중 플레이어의 공격이 얼음 속성으로 변화하고 얼음 속성 공격이 강화된다.,빙천마 안장,48,1,L,20,140,475,100,140,120,100,70.0,1.0,50.0,120,8440.0,얼어붙은 거대한 알,IceHorse,120.0,120,1200,1800.0,440.0,5375-6740,782-987,635-810,공기 대포|얼음 미사일|얼음 칼날|빙산|크리스탈 윙|서리 낀 입김|눈보라 스파이크|신성 폭발|더블 눈보라 스파이크,9,전설|빙제,2,빙결 기관|다이아몬드,2,냉각 Lv4,1,IceHorse,1,,0
110B,그레이섀도우,밤을 불러오는 팰파고스섬의 수호신. 일찍이 재앙이 이 땅을 석권할 때 하늘을 가로지르며 끝나지 않는 어둠을 불러와 이를 봉인했다.,어둠,흑천마,등에 타고 하늘을 날 수 있다. 탑승 중 플레이어의 공격이 어둠 속성으로 변화하고 어둠 속성 공격이 강화된다.,그레이섀도우 안장,48,1,L,20,140,475,100,140,135,100,70.0,1.0,50.0,100,8560.0,암흑의 거대한 알,IceHorse_Dark,120.0,120,1200,1800.0,440.0,5375-6740,782-987,708-905,공기 대포|암흑구|그림자 폭발|유령의 불꽃|크리스탈 윙|악몽의 구체|어둠의 레이저|더블 눈보라 스파이크|다크 위스프,9,전설|명왕,2,순수한 석영|대형 팰 영혼,2,채집 Lv4,1,IceHorse_Dark,1,전설의 어둠 천마 그레이섀도우 Lv.60,1
111,제트래곤,팰파고스섬을 저 먼 하늘에서 굽어본다. 재앙이 다시 눈을 떠 대지를 가르고 하늘을 불태울 때 완전한 파멸의 섬광으로 이를 파괴하리라.,용,공중 미사일,등에 타고 하늘을 날 수 있다. 탑승 중 미사일 발사기 연사가 가능해진다.,제트래곤 미사일 발사기,50,1,XL,20,110,600,100,140,110,100,100.0,1.0,50.0,90,8680.0,용의 거대한 알,JetDragon,200.0,800,1700,3300.0,1250.0,4400-5472,782-987,586-747,스피릿 파이어|용의 파장|화염 폭풍|용의 숨결|유성 광선|화염구|용의 운석|빔 슬라이서|메테오 레인,9,전설|신룡,2,순수한 석영|폴리머|카본 섬유|다이아몬드,4,채집 Lv3,1,JetDragon,1,,0
112,벨라누아르,"존재도 없이, 그저 조용히 세계를 바라볼 뿐이었다. 언제부터인가, 누군가의 시선을 갈망하게 됐다. 외부 세계를 적대시하던 욕망의 덩어리는 광란의 숙녀라고 정의되었다.",어둠,악몽의 눈동자,발동하면 목표로 삼은 적을 향해 높은 위력의 악몽의 빛으로 공격한다.,,,1,M,20,120,300,100,150,100,100,100.0,1.0,10.0,1,10030.0,암흑의 거대한 알,NightLady,100.0,150,600,800.0,400.0,4725 – 5895,831 – 1050,537 – 683,어둠 대포|어둠 파장|어둠 화살|유령의 불꽃|악몽의 구체|아포칼립스|악몽의 빛,7,,0,,0,수작업 Lv2|제약 Lv4|운반 Lv2,3,광란의 숙녀 벨라누아르|벨라누아르|벨라루주,3,,0
113,셀레문,"등 뒤에 떠다니는 달처럼 생긴 물체는 세대를 거듭할 때마다 아주 조금씩 원형에 가까워진다고 한다. 그 달이 완전히 찼을 때 무슨 일이 벌어질지는, 아무도 모른다.",어둠|무,셀레스티얼 다크니스,등에 있는 달을 타고 하늘을 날 수 있다. 탑승 중 무속성 및 어둠 속성 공격이 강화된다.,셀레문 안장,53,1,L,9,130,150,100,115,110,100,100.0,1.0,20.0,345,9500.0,암흑의 거대한 알,MoonQueen,60.0,150,1000,1600.0,275.0,5050 – 6317,660 – 828,586 – 747,어둠 대포|어둠 화살|에어 블레이드|신성 폭발|청월의 칼날|스타 마인|월광선,7,,0,천 1–2|사파이어 2–3|귀중한 발톱 1,3,수작업 Lv4|제약 Lv3|운반 Lv3,3,달꽃단 대장 사야&셀레문|셀레문|칠흑의 밤에 떠오른 달 셀레문,3,,0
114,칼구리,무리 중에서도 큰 실수를 범한 녀석은 자결을 강요받는다. 한계까지 부푼 소리 주머니에 나뭇가지를 찌르면 대기권 반대편까지 날아가 저승으로 돌아간다.,물,도약의 자세,발동하면 칼구리가 충성심을 담아 가득 부풀어오른 배에 힘을 모은다. 플레이어가 그 위에 올라타면 높게 점프할 수 있다.,,,1,XS,4,80,150,100,100,85,100,100.0,1.0,50.0,795,2070.0,축축한 알,KendoFrog,33.0,66,300,450.0,300.0,3425 – 4205,587 – 733,464 – 588,아쿠아 샷|버블 샷|산성비|물폭탄|라인 스플래시|월 스플래시|하이드로 스트림,7,,0,팰의 체액 1–2|천 1–2,2,관개 Lv1|수작업 Lv1|채집 Lv1|운반 Lv1,4,할복도 주저 않으리 칼구리|칼구리,2,칼구리 Lv.4–7|칼구리 Lv.3–6|칼구리 Lv.40–45|할복도 주저 않으리 칼구리 Lv.47–49|칼구리 Lv.40–45|칼구리 축축한 알|칼구리 Lv.30–35|칼구리 Lv.11–18,8
115,뷰티플라워,봄이 다가오면 바람을 타고 섬에 꽃가루가 휘날린다. 토푸리의 꽃가루 알레르기는 뷰티플라워 때문에 발생한다.,풀,플로럴 부스트,거점에 있는 동안 뷰티플라워가 농원에 기운을 불어넣어 농작물의 성장 속도가 증가한다.,,,1,S,4,90,150,100,90,80,100,100.0,1.0,30.0,905,3420.0,신록의 알,LeafPrincess,50.0,100,400,800.0,250.0,3750 – 4627,538 – 670,440 – 557,바람의 칼날|씨앗 기관총|멀티 커터|초록 폭풍|신성 폭발|원형 덩굴|태양 폭발,7,,0,예쁜 꽃 2–3|빨간 열매 1–2,2,파종 Lv2|수작업 Lv2|채집 Lv1|제약 Lv2,4,꽃가루 알레르기의 원흉 뷰티플라워|뷰티플라워,2,뷰티플라워 Lv.40–45|뷰티플라워 Lv.40–45|꽃가루 알레르기의 원흉 뷰티플라워 Lv.47–49|뷰티플라워 Lv.40–45|뷰티플라워 신록의 알|뷰티플라워 Lv.30–35|뷰티플라워 Lv.30–40,7
86B,스프라돈,Broncherry_Aqua,["풀", "물"],,,,,,,,,,,,,,,,,,,,,,,,,,,,,,["아쿠아 샷", "버블 샷", "몸통 박치기", "씨앗 지뢰", "가시덩굴", "물폭탄", "하이드로 스트림"],,,,[{"name": "라브라돈의 공룡고기", "quantity": 2}],,[{"type": "관개", "level": 3}],,,,,,,,,,,,,,,,,,,,,,,,,,,,,,,,,,,애정 과적재 - 등에 타고 이동할 수 있다,교미 전후로 체취가 크게 달라진다. 파트너를 발견한 뒤엔 좋은 향기가 나 순결의 향기라고 불린다
89B,블루파카,Kingpaca_Cryst,["얼음"],,,,,,,,,,,,,,,,,,,,,,,,,,,,,,["얼음 미사일", "얼음 칼날", "빙산", "킹 프레스", "서리 낀 입김", "물폭탄", "눈보라 스파이크"],,,,[{"name": "양털", "quantity": 5}, {"name": "빙결 기관", "quantity": "3-6"}],,[{"type": "채집", "level": 1}, {"type": "냉각", "level": 3}],,,,,,,,,,,,,,,,,,,,,,,,,,,,,,,,,,,파워풀 킹 - 등에 타고 이동할 수 있다. 소지 중량 제한이 증가한다,냉담한 성격으로 감정 표현이 서투르다. 외톨이인 개체는 멜파카와의 의사소통이 너무 서툴렀던 슬픈 개체다
90B,블리자모스,Mammorest_Cryst,["얼음", "땅"],,,,,,,,,,,,,,,,,,,,,,,,,,,,,,["바위 대포", "얼음 칼날", "파워 폭탄", "빙산", "대지 강타", "서리 낀 입김", "눈보라 스파이크"],,,,[{"name": "고급 팰 기름", "quantity": "5-10"}, {"name": "가죽", "quantity": "5-10"}],,[{"type": "벌목", "level": 2}, {"type": "채굴", "level": 2}, {"type": "냉각", "level": 2}],,,,,,,,,,,,,,,,,,,,,,,,,,,,,,,,,,,아이스 크래셔 - 등에 타고 이동할 수 있다. 탑승 중 나무와 광석 파괴 효율이 향상된다,등 위의 식물은 개체마다 제각각이다. 멸종한 줄 알았던 식물이 얼어붙은 채로 블리자모스의 등에서 발견되는 경우도 있다
